56428
56428
56518
56428
56572
56428
56464
56500
56644
56590
56518
56428
56500
56752
56518
56662
56410
56464
56446
56500
56446
56428
56500
56428
56482
56482
56446
56518
56446
56536
56572
56446
56428
56626
56680
56500
56446
56554
56446
56446
56464
56428
56410
56536
56554
56518
56518
56446
56644
56536
56536
56482
56464
56608
56410
56500
56428
56428
56626
56428
56446
56410
56482
56590
56536
56464
56428
56518
56500
56410
56554
56554
56464
56536
56410
56536
56410
56482
56446
56554
56428
56464
56428
56482
56464
56446
56464
56680
56518
56428
56518
56572
56482
56482
56482
56518
56788
56536
56446
56500
56734
56464
56518
56518
56572
56626
56554
56464
56410
56500
56590
56734
56410
56428
56446
56446
56500
56446
56428
56446
56428
56428
56500
56428
56428
56500
56500
56662
56428
56500
56554
56500
56536
56554
56536
56590
56590
56482
56428
56500
56644
56536
56590
56662
56626
56518
56536
56464
56554
56482
56464
56464
56518
56518
56518
56572
56572
56500
56464
56482
56428
56518
56518
56446
56662
56644
56410
56626
56428
56428
56554
56446
56428
56500
56446
56428
56626
56500
56428
56518
56518
56500
56428
56410
56464
56464
56572
56446
56446
56482
56446
56500
56446
56446
56410
56428
56536
56608
56446
56536
56536
56446
56446
56446
56536
56500
56482
56428
56392
56572
56590
56428
56572
56518
56644
56626
56536
56428
56446
56500
56626
56410
56392
56482
56572
56464
56446
56500
56410
56446
56428
56590
56446
56428
56392
56554
56464
56500
56410
56536
56410
56446
56464
56446
56482
56464
56572
56554
56626
56392
