47014
46672
46762
46852
47032
46762
46672
46798
46636
46852
46690
46924
46852
46798
46888
46888
46798
46834
47068
46654
46780
46978
46708
46744
46780
46762
46870
47086
47068
47230
46690
46798
46726
46798
46762
46888
46996
46636
46978
46690
46726
46942
46906
46744
46960
46816
46816
46654
46888
46834
46852
46924
46978
46852
46762
46654
46618
46870
46690
46906
46816
46798
46852
46870
46780
46888
46834
46636
46996
46744
46816
46690
46816
46888
46690
46654
46816
46636
46744
47158
46762
46798
47014
46672
46798
46636
46798
47068
46726
46942
46690
46816
47068
46798
46942
46978
46744
46870
46690
46834
46906
46834
47230
47032
46726
46834
46762
46708
46816
46636
46636
46690
47014
46636
46906
46564
46924
46906
46942
46708
46798
47068
46726
46798
46816
46726
46654
46834
46762
46942
46636
46798
47032
46690
46708
46816
46726
46636
46708
46870
46654
46636
46744
46834
46780
46834
46852
46654
46762
46906
46762
46636
46654
46870
46834
46780
47140
46816
46816
46906
46690
47032
46906
46924
46762
46816
47014
46960
46798
46636
46798
46654
46816
46924
46906
46708
46744
47086
46924
47014
46852
46780
47104
46744
46744
46636
46816
46996
46798
46798
46834
46726
46744
47140
46906
47212
46924
46708
46960
46798
46798
47104
46870
46654
46924
46726
47248
46888
46870
46744
46636
46834
46852
46672
46978
46708
46834
46654
46708
46708
47068
46798
46870
47320
46690
47050
46834
46924
47032
46870
46780
46960
46798
46906
46960
46816
46888
46834
46870
46798
46924
47014
46744
46978
46924
46870
46690
46852
46618
46870
46816
46708
46798
46762
46798
46690
46726
47158
46690
46798
46672
46726
46690
46726
46654
47014
46744
46870
46708
46888
46636
46672
46636
46888
46924
46816
46672
46924
46744
46708
46942
46726
46726
46744
46744
47338
46762
46654
46852
47050
46690
46888
46906
46978
46906
46690
46672
46978
46816
46852
46744
46960
46924
46888
46960
46852
46888
46960
46852
46870
46726
46780
46762
46672
46780
46636
46762
46672
46762
46888
46798
46852
46618
46762
46762
46708
46852
46672
46852
46708
46888
46852
47338
47050
46744
46834
46672
46996
46726
46888
46762
46924
46690
46906
46960
46780
46978
46888
46744
46726
46870
46870
46906
47194
46690
46816
46780
46690
46870
46672
46870
46852
46762
46816
46834
46798
47194
46744
46690
46942
46690
46798
46744
46780
46960
46744
46636
46852
46960
46744
46762
46924
46708
46906
46996
46924
47032
46924
46672
46672
46672
46654
46924
46654
46906
46654
46744
46816
46690
46726
46780
46924
46798
46618
46960
46924
46996
46942
46780
46816
46672
46672
46780
46762
46834
46852
46636
46708
46924
46798
46744
46816
46672
46798
46798
46618
46942
46834
46996
47050
46672
46600
46780
46852
46690
46780
46924
46654
46942
46906
46726
46924
46798
46762
46870
46672
46780
46816
46582
46798
46708
46798
46690
46816
46960
46960
46654
46654
46690
46816
46618
46780
46708
46618
47194
46924
46816
46798
46852
46816
47104
46906
46726
46690
46690
46942
46690
46906
46744
46762
46798
46942
46762
46906
46654
46690
46798
46744
46726
47014
47176
47500
46960
46618
46942
46906
46744
46726
46888
46762
46996
46672
46798
46798
46672
46834
46726
46726
46780
46726
46708
46762
46996
46942
46852
46798
46924
46924
46798
46798
46636
46996
46870
46708
46870
47104
46654
46798
46852
46780
46690
46960
46708
46942
46888
46690
46708
46708
46636
46834
46654
46780
46798
46600
46744
46780
46744
46834
47014
46852
46708
46690
46618
46726
46762
46906
46996
46816
46852
46762
46888
46780
46762
46816
46870
46942
46834
46906
46744
46960
46906
46744
46780
46906
46726
46924
46690
46726
47068
46816
46960
46834
46780
46636
47032
46888
46672
46924
46852
46924
46996
46726
46780
46798
46780
46906
46780
46924
47050
46942
46960
47014
46942
46924
46924
46780
46780
46690
46654
46726
46942
46798
46636
47086
46924
46942
46762
46726
46672
46816
46798
46690
46726
46708
46834
47014
46708
46996
46816
46816
47068
46924
46780
46654
46744
46996
46834
46744
47230
46942
46780
46654
47032
46996
47032
46744
46816
46816
46708
46744
46924
46744
46816
46744
46852
47050
46870
46924
46726
47104
46636
46960
46636
46996
46978
46690
46690
46618
46744
47032
46888
46690
46744
47086
46960
46798
46906
46708
46834
46744
46762
46708
46780
46906
47014
46762
46888
46996
46708
46708
46870
46636
46834
47032
46744
46852
46906
46798
46816
46852
46798
46708
46798
46816
46744
46996
46618
46690
46780
47032
46924
46798
46852
46870
46942
47158
46708
46888
46708
46762
46726
46672
46780
47068
46834
46870
46870
47086
46942
46888
47068
46690
46672
46852
46780
46744
46906
46762
46834
46744
46780
46726
46906
46798
46924
46780
46780
46744
46618
46780
46690
47014
46978
46978
46816
46852
46834
46798
46942
46924
46582
46600
46690
47032
47014
46762
46834
46852
46780
46780
46798
46726
46690
46726
47518
46852
46852
46708
46888
46906
46672
46744
47050
46600
47068
46798
46654
46654
46834
47050
47014
46834
46906
46798
46672
46780
46780
46798
46636
46636
46996
46762
46708
46906
46978
46798
46888
46870
46708
46654
46942
46654
46618
46744
46762
46744
46924
46906
46726
46870
46726
47212
46906
46870
46888
46672
46690
46852
46906
46708
46780
46834
46636
46690
46762
46726
46798
46780
46906
46708
46852
46672
46744
46744
46744
46654
46762
46816
46672
46762
47068
46834
46744
46870
47032
47032
46780
46762
46726
46996
46816
46906
46996
46708
46726
46618
46636
46708
46726
46672
46726
46762
46906
46816
47014
46978
46618
47176
46672
46870
46708
47032
46798
46906
46870
46708
46924
46816
46798
46924
46726
46726
47248
46708
46690
46942
46654
46906
47050
46672
46870
46870
46852
46726
46708
46672
46762
46690
46942
46672
46924
46852
46852
46708
46888
46834
46726
47014
46834
46870
47248
46762
46978
46798
46708
47050
46870
47068
46798
46654
46960
47086
46888
46726
46690
47068
46924
46834
46816
46888
46798
46618
46780
46618
46618
47104
46798
46834
46870
46708
46906
46888
46834
47176
46870
46798
46726
46762
47068
46906
46762
46726
46672
46726
46870
47176
46834
47014
46744
46708
46762
46870
46978
46816
46798
47032
46906
47266
47158
47104
47014
46618
46636
46690
46924
46744
46906
46816
46816
46978
46708
46708
46690
46708
46780
47068
46654
46726
46744
47014
