56563
56635
56671
56581
56635
56563
56545
56509
56545
56599
56581
56563
56527
56581
56527
56581
56563
56689
56599
56563
56671
56527
56635
56689
56563
56581
56581
56545
56599
56581
56563
56707
56635
56653
56599
56581
56581
56563
56707
56761
56599
56599
56599
56509
56527
56581
56617
56653
56509
56599
56509
56509
56563
56653
56635
56527
56599
56599
56545
56563
56527
56581
56545
56545
56653
56635
56599
56581
56563
56545
56581
56653
56563
56581
56581
56563
56671
56635
56527
56563
56779
56581
56617
56545
56545
56527
56635
56527
56671
56581
56563
56509
56563
56761
56689
56689
56545
56545
56653
56743
56635
56707
56635
56509
56527
56545
56617
56707
56581
56725
56635
56545
56545
56563
56635
56653
56581
56653
56689
56563
56653
56869
56707
56599
56959
56689
56707
56563
56581
56599
56545
56563
56581
56653
56599
56959
56635
56527
56599
56581
56563
56563
56581
56617
56599
56599
56527
56563
56545
56581
56599
56509
56707
56635
56635
56617
56581
56653
56563
56563
56581
56581
56545
56743
56563
56689
56797
56509
56743
56599
56527
56635
56527
56563
56563
56545
56563
56581
56563
56545
56599
56581
56545
56851
56545
56545
56527
56581
56563
56545
56653
56563
56617
56635
56581
56581
56545
56689
56707
56509
56545
56581
56509
56527
56545
56563
56581
56581
56509
56599
56581
56653
56581
56653
56509
56887
56509
56563
56527
56599
56527
56635
56509
56545
56617
56527
56545
56671
56959
56545
56617
56635
56635
56527
56545
56599
56689
56563
56725
56581
56509
56527
56527
56581
56527
56509
56617
56563
56653
56527
56689
56581
56725
56617
56635
56545
56527
56707
56599
56581
56581
56545
56509
56743
56509
56581
56545
56635
56635
56581
56563
56509
56545
56581
56563
56581
56563
56851
56617
56617
56545
56617
56527
56599
56581
56581
56527
56599
56581
56653
56563
56527
56527
56545
56599
56545
56617
56671
56617
56617
56527
56635
56581
56689
56563
56527
56689
56563
56725
56563
56581
56671
56833
56509
56545
56599
56815
56635
56635
56653
56635
56581
56545
56599
56509
56563
56581
56599
56527
56653
56581
56545
56527
56527
56599
56527
56689
56707
56635
56635
56617
56653
56707
56599
56599
56689
56581
56545
56563
56581
56581
56563
56779
56599
56599
56581
56635
56563
56545
56599
56509
56797
56545
56581
56545
56563
56977
56653
56599
56869
56581
56653
56725
56527
56581
56581
56689
56599
56635
56563
56599
56599
56815
56599
56671
56509
56581
56527
56635
56581
56689
56581
56527
56689
56563
56599
56599
56527
56617
56995
56779
56617
56545
56635
56671
56581
56599
56509
56563
56581
56617
56581
56545
56599
56599
56797
56635
56563
56635
56599
56563
56581
56653
56743
56635
56653
56563
56689
56689
56599
56581
56599
56671
56563
56563
56617
56653
56707
56563
56581
56545
56599
56563
56635
56617
56599
56653
57121
56653
56635
56671
56617
56707
56563
56581
56581
56581
56635
56743
56581
56653
56563
56653
56653
56509
56779
56689
56617
56563
56563
56563
56527
56635
56851
56545
56635
56563
56563
56563
56635
56635
56581
56779
56689
56581
56563
56563
56599
56581
56635
56581
56797
56527
56635
56617
56581
56599
56581
56599
56671
56581
56527
56527
56509
56599
56563
56671
56599
56653
56635
56725
56581
56761
56563
56869
56707
56869
56671
56635
56707
56527
56527
56563
56509
56581
56617
56545
56509
56905
56599
56707
56617
56509
56653
56617
56581
56581
56599
56581
56563
56581
56851
56563
56617
56599
56779
56563
56653
56545
56599
56653
56761
56545
56599
56707
56581
56563
56581
56689
56563
56563
56581
56707
56617
56563
56635
56599
56545
56617
56563
56545
56581
56581
56563
56635
56869
56509
56509
56653
56653
56599
56671
56599
56599
56545
56563
56581
56743
56617
56725
56599
56527
56635
56599
56527
56653
56509
56563
56599
56851
56527
56599
56563
56581
56581
56833
56527
56545
56653
56635
56563
56653
56653
56617
56635
56653
56815
56635
56527
56545
56725
56581
56887
56653
56581
56581
56527
56527
56581
56581
56545
56581
56671
56563
56689
56599
56617
56617
56563
56545
56581
56653
56725
56545
56635
56581
56617
56635
56653
56581
56581
56725
56527
56527
56545
56581
56599
56491
56545
56581
56707
56545
56581
56581
56743
56581
56563
56635
56581
56563
56599
56671
56509
56599
56527
56635
56671
56581
56725
56563
56563
56581
56797
56545
56581
56707
56509
56707
56635
56653
56617
56869
56599
56581
56509
56635
56581
56815
56743
56563
56761
56581
56581
56581
56671
56581
56617
56581
56671
56509
56545
56581
56545
56599
56635
56563
56635
56563
56707
56671
56635
56545
56653
56599
56581
56599
56527
56545
56581
56635
56581
56599
56509
56653
56635
56509
56743
56635
56851
56563
56527
56635
56671
56563
56599
56653
56635
56725
56707
56599
56599
56581
56545
56509
56599
56509
56617
56635
56707
56617
56563
56581
56887
56671
56545
56581
56581
56545
56581
56905
56545
56689
56635
56671
56599
56581
56563
56581
56527
56563
56707
56509
56527
56509
56617
56599
56545
56707
56635
56527
56509
56563
56599
56815
56563
56617
56599
56527
56563
56707
56545
56779
56887
56563
56599
56635
56617
56563
56761
56851
56563
56545
56509
56797
56545
56635
56635
56689
56581
56527
56509
56725
56527
56509
56707
56635
56581
56635
56653
56797
56581
56563
56617
56707
56635
56653
56617
56509
56527
56689
56635
56617
56599
56635
56707
56581
56599
56563
56617
56635
56545
56599
56527
56581
56581
56725
56635
56527
56527
56509
56797
56581
56635
56653
56545
56581
56563
56563
56527
56509
56635
56653
56599
56527
56545
56581
56671
56581
56563
56707
56545
56527
56581
56599
56743
56707
56563
56545
56527
56563
56581
56563
56617
56581
56581
56563
56545
56617
56527
56617
56509
56653
56761
56671
56581
56527
56671
56581
56581
56563
56527
56581
56671
56545
56761
56509
56527
56581
56581
56599
56545
56635
56635
56563
56653
56509
56563
56581
56617
56959
56617
56509
56545
56527
56563
56635
56599
56779
56563
56527
56563
56581
56563
56527
56635
56581
56833
56635
56635
56545
56563
56581
56581
56527
56545
56581
56545
56707
56761
56797
56599
56581
56797
56545
56581
56635
56599
56563
56815
56707
56617
56743
56635
56581
56563
56887
56563
56761
56671
56581
56527
56599
56581
56599
56689
56599
56635
56671
56599
56671
56563
56545
56527
56599
56527
56581
56509
56581
56707
56509
