68038
69280
67066
70450
66535
71071
71377
69496
67966
68101
72232
72142
68488
70459
71485
67588
66985
67777
69163
68227
69649
67948
70063
69613
70630
67642
69127
70684
69073
67210
69433
66517
72151
69883
68155
68965
70828
72511
69109
68308
71863
68722
67696
67750
68542
69325
68794
68830
69541
68038
69325
69343
70756
67363
68560
70513
70954
70972
68110
68920
69163
66229
64510
68605
67066
69847
70783
68227
67336
70549
70531
69343
72475
68101
69883
68065
70162
70486
66076
68875
70765
71548
67939
68011
69586
67984
69613
70702
71053
69208
68857
67624
72727
66814
69352
69451
72376
70315
71683
67930
69199
70720
67678
69253
69712
69748
70009
68263
70468
67777
69514
70027
70126
69028
70306
71170
70783
68515
70864
67696
66598
71206
68587
69415
67354
69757
67849
68641
68830
65644
70891
68632
69235
67633
72169
67453
68119
69613
69181
68281
71233
67993
67408
66742
68218
69352
68137
68767
70045
69262
71098
69352
68740
65905
68974
67804
69595
70054
71521
68812
69694
71332
68515
67300
67723
70297
69739
70954
68695
69433
68209
68524
68794
72538
66571
69640
67354
67687
68173
70531
66661
67435
67795
67579
69424
67975
70405
69712
66373
67093
67219
69046
68110
66229
66814
70414
68281
68020
70729
71440
66391
67237
69316
64735
68848
68866
69739
69847
69235
68416
70468
70270
70801
68785
67588
70837
69955
70666
67840
67912
69982
70090
68443
67570
68488
70324
67435
70702
68272
66913
68011
68830
68038
68074
69298
68974
66877
71386
70387
65113
69946
68425
70396
67480
69622
67669
66823
70117
67165
68452
65599
67039
68596
71755
71647
68416
70531
70207
67930
70504
70963
69343
69136
68146
67777
68452
68128
68371
70864
66355
67183
65950
70261
70459
67363
67777
70882
72016
66976
70360
71467
65383
67570
68164
69325
68938
71818
68254
70153
69253
67489
69802
70540
67210
69532
69487
70270
69712
69523
68047
69172
68209
70891
70603
69613
68299
67912
65860
71296
68938
68479
69973
69820
68560
71719
71017
69127
67669
67696
67534
69343
67957
68155
68830
69622
68650
66778
65986
67453
69667
69334
66418
69109
69271
69316
69487
66283
67741
69046
68542
69604
68164
71746
68704
69100
69037
68605
68164
68029
68776
71251
72070
69208
70504
70936
69505
66931
69829
69847
68533
70288
67534
68686
69586
64915
69271
67858
70360
69271
71458
68686
67399
68461
68452
68974
67165
71755
68353
68956
66616
68326
65410
66490
68650
68425
68722
68758
69262
70324
69136
69154
70117
66697
68425
70045
69154
69802
69298
65851
68578
69388
70441
67606
68074
68155
68065
70207
66904
67570
71422
67165
66733
69577
70036
69586
70198
70207
67237
66670
69037
66616
68704
69001
68461
68677
68002
68506
69172
68605
66778
66931
66112
69613
68020
67858
69460
68992
67399
70144
69379
66904
68695
69181
70504
70711
69658
68722
68560
72052
65950
69613
71449
69019
67651
65806
70972
69604
69748
70126
70027
66382
69685
69064
70477
66814
71575
67435
70477
68353
68893
70360
68479
69856
67057
69208
68551
69181
68614
70018
70594
72169
69109
68758
70171
67858
68569
71026
68668
69658
67912
66634
68326
68992
71017
69217
70270
70279
69838
69478
66958
68767
69154
69046
69397
69847
69685
67714
67912
67120
70549
68155
69928
70441
68443
69136
68641
68884
67426
70693
69721
69397
69118
69856
68983
68668
66634
67894
70288
69469
70801
69325
68893
66067
69937
71098
69910
67732
69451
68182
68695
70207
69550
71575
68218
66130
68767
71656
68488
68236
69442
69424
70198
68011
68137
67552
69019
70666
67291
67435
65446
67561
70396
69091
67444
68569
68326
69892
68236
68785
69694
68290
69280
72241
68542
66814
68722
71872
70252
66580
65482
68911
71467
68272
71116
68947
70801
68524
68920
68794
69487
69649
67894
68974
68416
68812
67525
70864
69748
71944
66805
70882
69073
68380
69568
68830
66130
70630
69334
69532
70441
65662
69658
67273
69892
69055
66958
69775
67318
70891
67525
66634
68560
67975
68587
67642
67291
69622
68245
69046
68947
69361
68821
69784
69325
69865
69442
69334
65158
68092
69955
70054
70702
71080
67750
67966
67849
69361
67552
70171
69046
68821
71458
70972
64861
67831
68947
71809
68830
72151
71719
72673
66598
69919
67543
68389
65869
67885
69910
71521
65716
67480
67921
70243
65878
67849
68110
69559
69235
70000
69352
68704
69496
66436
67606
71386
67408
70369
69478
67651
68308
67291
69307
71314
67786
70297
69514
67705
67507
69172
68731
70315
69748
68416
67831
68632
69631
67507
70036
67642
68425
68713
68965
67552
68155
66490
68326
68596
68812
72160
69451
69793
68218
68038
70558
68218
68947
67867
69172
68605
69226
69532
69820
68893
68002
71674
70630
69847
70054
68605
70891
68677
69928
66787
68434
69883
66976
67111
67084
70585
66598
67183
68605
67921
67498
72430
69397
69253
64528
68677
68821
69937
69937
69757
70090
68155
67696
69856
69307
67039
67696
68668
68047
70468
68038
67219
70198
68614
68263
69676
68533
66427
70810
68650
68803
69118
67894
70720
66463
67102
68407
69298
69388
68146
69775
68632
68380
68542
67219
68344
68974
70351
67831
67921
68083
69343
67318
69712
68983
66355
66778
67264
70225
66526
68578
67732
69100
69955
70432
67165
70765
68983
69892
69199
69127
68065
70891
67453
69901
71071
69622
68506
70045
69271
69667
68821
71980
67651
67696
68470
69172
67111
69406
67741
68344
70441
67552
69235
71476
70972
67831
66445
71467
67939
70945
67516
70657
65131
68758
68470
65959
66778
70585
67165
68659
67525
67642
67300
70333
68506
68632
67633
67858
67228
69838
68011
67822
68866
70351
69784
69757
69262
69271
70603
67273
68155
68173
69397
69685
70360
70675
69919
67660
70909
71017
65635
70180
69649
70045
71008
69946
67975
66247
68236
69595
69577
71413
66373
67201
68839
68056
69487
69622
70081
69424
68182
66994
69937
68902
66265
70468
70918
68830
70387
67588
69937
65374
69388
66805
69460
69766
68893
66733
69343
71755
67435
68209
67291
67867
67876
68731
70513
67930
68893
69010
71944
67714
69262
68533
71620
68479
70810
68848
67273
68812
69145
67705
70711
68587
69766
70450
69316
71161
67165
68731
69883
68488
70153
68713
69145
68056
69217
68893
67624
68839
71215
68569
71926
66490
71251
68173
69055
70846
69262
69208
67534
70864
68308
70252
67939
69154
71071
70315
69847
66841
68956
66697
66526
67291
68542
69865
70027
69577
69460
68659
68758
68002
70072
68830
71458
69199
69028
70162
66121
66571
64879
70108
69892
66841
69577
67048
68821
66598
70981
69784
67516
67948
69676
68434
68776
70441
67093
68767
69028
70117
69532
70063
67210
70414
70207
68614
68515
70189
69847
69235
69226
68038
70162
68056
68488
70063
70252
68209
70702
69937
71539
70603
67786
71899
69820
69505
68272
70315
66868
70756
69397
69838
69865
68083
67210
69109
69847
69280
69739
70027
70153
69748
69244
70612
69478
68083
69820
67921
68119
70090
68767
71998
69100
70945
69964
70621
66409
68920
69865
68398
68632
69730
66373
69244
68767
68398
68983
68641
69433
68974
71224
68335
69541
66922
68767
66706
70576
66994
69424
68902
68731
69973
69865
67957
68893
70936
67633
69901
68488
70900
71404
68677
69748
70351
68551
71296
69676
70567
70720
68092
69154
71521
68344
69892
69082
69559
70540
69496
68659
69271
70045
71287
69946
69550
72403
70414
69307
69316
68209
69343
70486
69721
67660
67894
67939
70315
69073
67606
70018
65752
66724
70126
69442
68722
68218
71827
67651
68803
69010
69064
66823
67570
68479
70063
67138
66589
68731
69955
66958
68443
66949
70702
70324
69757
69757
69406
66967
68821
67381
67363
71179
70513
68389
69469
69892
71485
68704
69262
68938
69136
64384
66598
69676
71179
69964
71170
69739
67552
69190
69199
68902
69640
70306
67948
67318
66832
68119
70414
69100
69370
69847
68011
68902
69406
69766
69451
70441
68803
68146
67516
68452
70900
66319
67390
67786
68263
68542
68686
71503
68128
69451
68803
72700
68227
68083
66346
66400
68929
71674
67417
68722
68029
68731
67165
69082
67813
68569
69505
65563
71818
70819
70306
67210
69055
67948
67390
67156
69595
68470
69982
68173
69460
71926
67264
70072
70054
69622
67957
68650
70441
67651
69559
70549
70072
68200
68281
66940
68092
67570
68164
67903
71827
66247
69991
68182
71368
70612
69217
69946
70648
71926
67354
69271
67345
71917
66328
69361
70009
67003
69397
69424
68092
69865
68533
66229
67408
69433
68317
68335
69271
69091
68893
69775
70747
69784
67381
69010
70261
69784
70594
69793
68830
68425
69613
66589
71557
70711
68884
68245
70450
67822
66625
64024
70072
67714
68965
68101
67777
68893
68776
68965
70279
67291
70945
70135
66931
70531
67246
70171
70126
70423
71314
69478
69280
69460
68047
69433
70963
70432
68983
67201
68731
68335
68308
68947
67183
68650
69163
70216
68434
68434
68326
67129
71269
67471
64573
68497
67120
70459
69775
68749
68425
67597
68695
71989
68254
69730
66445
66373
70360
70801
70144
70270
68884
70819
68767
69550
67822
70045
67597
67642
69442
69793
68974
69451
71233
66931
68848
69991
67894
70936
72142
68587
68722
69613
68911
68650
68092
70594
71359
68695
67003
69775
69235
68641
69721
66769
68722
68182
67975
69928
68821
67804
67786
69559
69037
67138
68704
68560
69874
67048
66175
69010
67498
69424
67273
68497
67633
69325
68632
68623
70459
73537
69667
70423
70063
68011
68794
69928
68425
68011
67768
69406
67084
67174
69343
69856
69748
70567
69874
73492
69019
69928
68065
69163
66373
69460
68245
65608
66589
69262
71800
69145
70054
69901
67264
68677
69928
71107
70567
67183
68506
71836
69991
67831
69253
71089
69622
67345
69064
67471
68479
68164
68515
69082
68614
69496
69604
65131
69226
67183
71152
68659
68659
69649
68002
67606
69316
69424
67300
68614
70108
69289
68992
68596
67363
71719
69622
68011
70225
66877
68065
69613
67660
68983
67885
67606
66742
68605
68038
67165
69001
67561
69199
69748
71017
70711
68344
67156
68650
69073
67444
70657
70594
70468
66229
69721
66796
69667
69955
70657
67588
70450
68668
66346
70513
69595
66823
69478
69451
69550
67795
68146
68785
67471
68749
71314
70306
68173
70108
67462
67903
68416
68452
70099
68137
66994
68272
69712
67039
66355
69595
70126
66544
67849
70711
65545
72151
68056
68605
69388
70324
68830
70711
68740
67723
69172
68128
70666
69199
67552
71836
68695
69361
69523
67345
68497
69964
68587
68443
67939
69721
68200
66904
66319
69901
69208
70495
70981
68533
70117
69325
69046
69262
69424
67318
68200
67219
68335
67273
66706
68434
69559
66436
69109
67381
69559
67534
70648
69775
67327
71323
70639
72439
70180
67318
68398
67750
68434
68191
68182
69289
68776
69802
71143
67723
69046
71539
67426
68740
70909
69118
66526
68569
68056
67282
68155
69109
70441
70153
66733
72349
70765
67705
69865
68245
66112
69712
68524
71809
66085
69379
71251
70873
69397
66067
71728
71548
68632
69397
69217
70630
70648
69532
67039
68398
67687
66922
68398
71368
70261
67948
70738
70252
67723
67453
69028
66895
68803
69370
68704
70225
69649
70612
69442
69010
69964
70990
66841
69037
70405
69523
66904
66607
70144
70441
69172
69091
67246
69784
68461
70090
70477
67426
68605
66598
70207
67093
68704
68452
68587
67705
67534
68830
70414
69424
70360
68848
68281
68785
68677
68821
71332
67849
69649
68803
67534
69469
66787
66238
69955
69163
69190
67687
72106
67858
69982
69496
69226
68470
66859
69964
68911
70279
68065
69631
69397
67588
71665
68731
69334
69478
72691
70324
68335
68146
70774
71278
68371
68686
68434
70153
68722
69235
71197
70459
66301
67390
68812
71476
68533
68983
67426
68506
68632
70729
70981
70009
69595
70549
68632
70234
69244
69451
69064
67570
67552
67174
69649
68533
69820
68875
67777
67903
69829
70207
69037
68848
69883
68677
66688
66958
69082
69073
71242
68533
69784
70738
69181
70963
71107
69802
69523
69262
69820
69091
70504
67624
69442
69424
69550
66490
68290
68470
70549
69622
71449
70000
67966
69433
70099
67084
68254
69865
71602
67831
68497
69136
69271
68083
68353
71134
69541
68353
69478
69280
69946
66706
69703
67651
69253
68281
72061
69010
71116
68767
70747
66022
68308
70333
70009
69568
67543
69586
67489
67588
70162
67948
65752
71566
69991
67714
72160
70729
68965
67354
68353
66319
71125
68398
68497
69343
70864
70234
66985
69136
66526
68722
67777
69883
69946
71278
68443
69775
68092
71728
70342
68776
68776
67372
68137
68110
70027
68695
67345
68299
70153
66058
68407
68335
69298
69784
67948
71800
69595
68407
68452
66922
69820
69397
70270
70513
70207
66904
66400
71584
70207
68083
71098
71845
68956
68254
67759
69316
68803
67552
69613
69217
67777
67642
69811
69307
70612
69910
67642
69703
68317
69397
66922
70180
68452
69748
69613
69010
68893
68605
69658
69388
67732
69874
69532
70387
69541
67957
67858
68587
71206
70144
70036
68101
67975
68947
68416
68443
66967
69415
68020
68893
72349
70423
69676
69163
64771
67642
69217
66751
70000
68722
72304
67930
69172
71764
68524
66679
69118
67696
68353
69127
68173
65869
70585
67318
68641
67858
68542
67903
69658
69217
69865
68236
66301
68047
68641
68884
69631
70117
68056
71728
70198
70468
68398
70954
70189
69631
68758
69208
70216
66499
68713
68974
69352
69001
67768
67111
68146
69604
67291
69883
70513
69505
67822
70873
70459
66274
67372
71620
70261
67372
67192
70099
67579
68083
67147
69100
67966
69505
68083
69091
67687
69253
69532
67588
66373
69370
65752
67453
69874
68812
64411
70774
69379
71764
67993
67615
70189
69253
65338
72673
67030
69190
71350
69208
70702
70045
69460
68803
68677
67624
67849
70747
67255
66931
69622
66625
68857
73078
69433
67525
69262
67777
69496
68281
69694
69550
70558
70621
71323
69091
67633
68083
68533
69091
69091
68938
69829
68983
70648
68281
69748
68533
71674
68587
67111
69685
70342
68317
69388
70099
66877
70873
67705
67246
73231
68227
64492
69577
69397
69577
69424
68785
69847
68074
67885
69217
69541
68848
68596
66769
68992
72106
71215
69676
67957
69946
69082
69442
67309
71197
68173
67867
69847
67552
67786
68137
66166
70333
69541
69883
68668
68362
66013
71458
68380
68866
69514
70270
67561
66958
71971
69901
68524
69451
67273
70594
72925
67876
70954
70027
70225
70567
67435
68470
65653
68848
68686
69955
69415
71593
68776
68506
69280
68830
70081
68065
69145
68947
67723
67480
66976
67246
68362
67489
68182
69433
68668
68767
70045
67120
66112
68425
69901
68335
67687
68344
69424
69244
67363
68038
69856
68803
70459
70846
72007
69082
67876
70936
68416
68371
66121
68875
69550
71314
70486
68506
68344
69865
66904
71872
70342
70468
71836
67498
65833
69784
70684
67561
69532
67399
70036
68380
71989
69937
66922
70153
68092
68722
69055
64861
69073
68164
70576
67120
70297
70216
69442
67795
67840
66193
69892
68731
68920
71800
66445
69901
68002
70027
70783
67957
70972
67219
67444
69856
69631
67426
69100
66643
69019
69406
69451
68254
68524
67453
70072
69424
67705
68911
69604
67732
68857
70405
68875
68767
67354
66103
67345
68029
68821
67552
70315
68722
70153
70603
68407
66265
69307
68029
69226
68497
68767
66265
68596
69388
68632
69883
67246
68362
70531
70099
68335
69730
68803
67264
68155
70558
71062
68821
70153
69766
70117
71836
70423
69775
69532
67291
70558
66328
69001
68596
67705
71053
69181
69406
67381
68308
68200
70459
70558
70324
66940
69262
68560
69442
68866
69055
67957
70207
70972
67534
68578
69883
67012
69325
68209
66562
68227
69406
68605
71899
72124
68740
69514
67687
68443
67660
68371
69136
72862
68758
66292
69010
67417
68317
70360
68362
69280
68398
67417
69595
69712
69748
69793
70009
68029
65716
69919
70801
67723
70891
67381
67498
70585
68227
68821
70198
70423
69001
67363
69145
70117
67858
70594
72232
67579
68911
66220
68605
66319
71755
67714
67750
70459
66031
70081
69172
71035
66490
70036
70198
68740
68587
66940
66832
69217
66796
69973
67309
68866
70720
67066
67561
72484
68776
71161
69667
69478
68380
69748
69478
66877
70522
69334
71341
65140
67435
67012
68074
68632
70990
69613
69883
69613
69028
69208
68020
68335
67975
67948
69451
66346
69649
69001
68956
69325
65815
69226
69739
69676
70549
69946
69685
68623
68632
69028
67732
70153
67579
68956
70666
68641
68848
69100
70189
69244
69145
70711
68623
67750
68749
69919
68866
68326
71449
70027
70540
69748
69865
67705
68209
70387
71008
67858
69433
67768
67831
66553
67570
70144
70009
71827
67309
70477
66958
68425
67840
71206
67687
69910
70621
68749
67255
70261
71548
68632
68335
68344
69082
69496
66922
68173
69694
72115
67633
69622
71359
66841
67165
66256
68209
67786
68461
70495
69289
69667
68830
70333
68173
69082
69667
65248
67831
68317
69487
67813
67822
67939
69181
67345
69442
69316
69406
68605
70738
70027
68335
68731
67291
70234
69136
66400
67822
69865
68857
67696
68722
67903
69991
66850
67660
66436
65581
70396
68227
70027
69226
68722
70675
68803
70261
67903
67111
68110
67633
69784
67327
67984
70765
70342
70936
68524
67336
67021
70198
68173
67948
70783
69406
69991
70108
71584
69532
67849
70972
69505
69217
67732
71053
65545
65932
69748
70036
66769
69388
67291
70126
66805
67966
68083
69613
68110
68065
66058
68650
68938
68299
65887
67948
68092
68686
70234
69991
71071
70459
68722
68866
70324
68767
69244
66166
68299
67885
68425
70990
67219
69199
68731
70585
66022
68443
67237
69442
69325
68047
67759
66130
69514
68272
70171
68650
69460
68587
69181
68704
70711
70486
71242
70360
68722
68182
69631
69100
67849
70441
69298
69856
68425
67552
70837
68326
68560
72025
69406
68749
67444
67498
70711
68434
70117
68956
69028
73528
68128
67417
69217
66985
68173
68092
70171
68272
69343
70045
68992
68749
69496
71485
70279
68713
67786
69361
70846
70972
67678
71449
68209
64753
68479
67696
68956
70108
65626
71557
68200
70450
70045
68893
68470
69082
67219
69874
70180
68686
68218
69370
69109
68146
68668
69163
68488
70216
68479
71377
70162
65689
70423
67327
68155
68542
69442
67561
68128
71332
71278
64663
69127
68434
69100
69145
70144
71476
70396
71314
71368
68344
69955
69028
70729
68083
68200
70315
69982
69676
71386
69280
69073
67867
69766
66301
70324
69271
70099
68434
68380
67948
71044
71656
66913
69289
70738
70423
67435
69217
65590
67435
70270
70738
70594
68974
68992
68902
67696
66490
68569
72223
70909
67894
69577
69352
67120
67606
67111
69109
68695
72871
69325
71125
66238
67651
69190
65635
67210
67696
68290
67543
65896
68164
66076
68956
66247
70540
69298
69829
68677
70090
69352
70378
68362
67480
68758
69604
69253
70342
69082
66652
70720
68110
69937
65716
69415
68794
69433
68848
69055
68893
67048
71269
66040
69865
69820
70000
69775
67813
67633
66805
69550
69703
70135
71089
70864
71476
65959
70711
70072
70018
67993
69325
69757
66553
66904
68011
68191
69802
69586
67714
69226
68191
71062
72151
70639
66868
68965
68542
69037
69289
68434
66688
71332
69586
69154
71971
68263
70414
69037
69505
69379
69856
69235
70342
68380
68704
68056
69478
70513
68524
69577
67534
68335
69505
70459
67597
69892
68218
69694
68668
69388
70909
69208
68623
68506
68632
68758
66553
66976
69793
69892
67291
67336
67984
68389
68488
71152
70360
69829
67516
67156
69253
67606
68119
70324
67759
70684
69640
68740
69856
66634
71377
67039
70558
68173
68407
70810
70108
68578
67039
68965
68938
68398
69892
68875
70450
69748
68992
70738
65716
67876
68263
69766
67282
69307
70288
67831
69694
67462
68281
67588
67678
70189
67885
68416
67372
67345
70027
68506
67984
71062
66517
70090
68074
67525
68452
68749
68740
69028
69604
69046
70828
70396
70648
69433
70801
69766
68272
64393
68479
66634
71125
67300
69856
67849
70666
71800
70360
68803
69064
67966
70774
69964
68389
70630
68947
69973
68704
69838
67066
71818
68947
71026
69838
68227
70846
68479
69397
68425
67993
69370
71692
72142
68326
67597
69082
67165
68965
70054
69073
67534
67012
69550
68245
67678
68164
69262
70225
69766
69172
68902
67507
70279
67624
68362
69415
69811
69082
72394
70063
67444
68416
68614
66787
67147
69163
68740
68083
69082
69802
67210
68092
68839
69847
66355
69226
69289
69982
69073
67264
69055
68785
68614
67498
70594
72520
66742
70360
69577
70054
69694
69766
67138
70387
68587
69244
68056
68785
67372
68056
69433
67912
70711
69271
67390
72124
67525
67399
72628
69046
68992
69415
69397
70909
69964
69352
69019
67021
70252
70558
70837
67480
70054
68281
69010
67156
68218
68704
68857
69919
68578
66490
70072
68452
71512
68047
69847
69028
70828
69190
70522
70315
69172
70117
70585
67381
68173
69073
68146
68272
66994
68686
69001
67714
69559
68632
67489
72088
68380
70927
68965
68326
68416
69946
65203
69721
70063
70585
71008
69964
71575
68884
69883
68677
67021
66535
68155
64312
65221
67984
66886
70279
67615
70396
66364
67489
67840
68722
69280
68380
71071
69082
68947
71404
69208
70072
69397
70090
69172
68317
71035
66490
70459
70558
66958
69361
70864
67444
69307
70414
70423
70333
69919
69397
67669
70396
66706
70135
71170
70612
70819
70288
67417
70351
68587
69244
69424
68749
66184
70378
71134
68749
68695
66877
69226
67354
68497
68623
71602
69676
67444
69163
68578
69748
70990
70549
68218
67507
67705
70261
70972
66679
70477
68911
69451
68326
70387
70828
68191
69478
70135
71395
70810
70027
69847
68551
72061
68263
69127
70657
68632
70801
70270
68830
66598
70639
70423
67624
70396
66841
67237
70135
65959
68956
70027
67228
71359
68794
70162
67264
70198
67876
69082
66724
69190
69892
69424
69874
66463
69370
68083
69082
70198
68641
68884
68857
69766
69568
69847
71647
69541
68398
68263
69847
70000
69496
67021
70198
68614
71071
70261
69208
67219
69262
70225
70045
69325
69829
66328
66868
68713
69559
69901
66445
69964
69811
69955
70513
68812
67624
70729
68740
70009
68443
68533
67642
71431
69730
70351
69388
69343
68812
68281
68353
69388
67615
69415
69496
69010
68299
69460
65788
68956
70927
69046
67489
68371
67093
66886
69406
67696
67804
69658
71296
70693
67696
67543
70756
68857
70108
69433
69991
69451
68461
69721
68371
68911
69379
69469
69334
66310
68686
71233
70279
68965
66661
69505
68677
68443
68704
66832
71368
70720
69343
65365
68515
70468
67714
69145
68623
66103
66130
71008
69712
69037
67642
68848
74401
68713
70477
70567
70810
68767
66904
68659
69109
70495
69091
70558
67642
69982
66508
71242
69667
69082
72124
71161
67066
70504
69667
69739
67417
67984
69802
66661
67138
70144
70846
67183
68776
67723
70171
67921
69793
69937
71035
66571
71755
70486
69793
70162
66553
69181
70585
67444
70027
68722
68191
70027
67822
67453
68911
69316
69379
68866
67957
71512
66301
70090
71269
69694
70666
70234
69640
64672
67741
70720
70603
66742
70954
67885
66841
68731
67426
71080
70117
67804
71449
68029
68569
70747
69307
67426
70126
68821
68344
68668
68290
67606
69154
69055
65995
68542
64249
67615
68326
69784
70216
69370
70081
70621
68173
68749
69730
68956
70990
69334
69136
68551
67309
68182
68344
64771
68272
68515
70198
67480
69253
70198
68011
67399
69766
69055
68560
70198
67957
69406
70531
67831
68515
70279
67723
67678
71818
69163
66031
66472
68407
67777
73519
69658
70459
69010
66823
67192
68065
67921
69118
68506
71494
70261
67876
68443
66454
69829
70279
69127
67507
68083
69613
69433
71206
70711
67588
68227
68479
66895
68209
69595
70189
68632
68623
69001
69901
67921
66715
70738
67885
66130
69613
70666
70027
71521
67300
65941
73501
69181
70306
68866
66454
70216
68848
70927
67795
69649
69343
69325
71242
69172
68560
67255
69190
64006
69856
71413
68713
68245
69298
67210
68209
72475
66472
67273
67867
71782
70288
67930
69703
68029
66823
70441
69280
68308
67750
67111
65806
67777
68245
71035
67570
70540
70693
69694
69244
67579
68767
70081
68992
66904
65986
68947
69316
68623
67957
71278
68803
70054
66490
68650
67840
67714
70585
70342
68875
68614
67147
70000
68587
67876
68983
69028
70495
68308
68398
68029
68461
72259
69568
67192
68389
68083
70567
69613
66832
69226
68452
69118
69442
70171
67930
66481
69010
68173
68794
69082
67930
67183
69334
70315
72205
69145
70153
69406
67552
68776
67192
69244
68758
69730
70513
65572
69019
68713
69721
69181
70693
67426
68956
69757
69505
70747
70792
70099
69721
65473
68596
68803
71044
69343
71098
71323
68416
69154
70144
68965
68560
71701
66679
69865
72259
68407
66364
68650
70108
68398
70567
66877
65437
71656
68731
70450
67138
70432
67579
68983
69235
67570
69316
68380
69667
68893
69919
68416
67786
68362
67894
70495
70936
68812
67624
69316
71278
69469
68047
68326
67336
68785
67165
70144
69388
68479
67921
70360
68722
69199
67894
69433
68686
70324
68992
69793
68425
68623
65131
69991
68218
67849
68128
69352
68002
67336
69505
68686
68326
67327
67984
68371
71098
68065
68137
69370
70063
66355
70432
70693
69730
69604
69271
69982
69181
67588
67345
70018
70540
70747
70846
68893
68137
69604
70468
68110
69910
69271
66940
68407
71377
67408
68362
70738
73096
68416
69145
67894
71773
69568
69748
71422
68308
69163
69532
70279
69325
67624
69469
67624
68434
69982
68533
69424
69874
67264
67219
68803
69514
66949
69604
68830
67606
66625
72304
69550
69856
70153
67543
66400
66652
69190
67984
70657
66463
68704
68227
69559
69928
70189
70540
67867
69325
69604
69910
68236
70729
69694
68326
67597
67876
68146
70225
69676
67444
70756
66004
67291
68353
70999
67993
69235
69037
67498
68686
69658
68524
69568
68290
71512
68317
71206
69379
68785
67273
68092
71107
68353
67876
70873
70693
69838
69730
66805
68749
70396
67192
66742
66544
67210
66175
69622
68353
68938
66733
71413
69874
66571
68515
70504
70270
68542
68272
65419
70900
69325
71080
69451
64834
69712
68731
68470
69001
69721
66562
69694
70639
68839
70567
67354
67111
67795
66625
67975
67669
67471
68164
71035
68461
68236
69865
67039
70495
68173
70135
68641
70792
68191
69685
67588
68065
70279
70504
70702
69730
68290
70126
68389
70747
71998
67786
71485
69190
68992
70135
71116
67534
69325
69469
68389
70495
67219
67201
67975
69433
69874
68695
71188
67174
69802
70657
68497
70144
69703
69631
67363
70423
69622
70567
68794
68218
66220
68974
70099
68929
66112
66373
70198
69280
67471
66283
69748
71017
69307
70063
70090
66931
69703
68128
65572
67975
71503
70522
68371
68848
68893
68434
68821
72313
69910
69154
69586
71917
68794
70378
67741
69694
67165
71197
69181
67318
68281
67327
69073
69946
68659
68425
70090
69640
68695
68857
70450
67156
66814
68011
68101
69298
69919
69883
70108
71791
67453
68398
68902
68875
68173
71179
67561
69973
69001
71530
70360
69694
68596
69928
66256
69172
69001
67678
68965
69721
68839
68425
68758
67462
71836
67867
70387
72061
66958
68470
69082
68677
70135
66571
68920
68101
70180
68605
67192
66382
68902
68038
67651
65824
71467
67453
67957
68317
68317
66580
70108
69433
69811
71710
68119
70009
69901
66211
67669
69694
69451
67102
67012
70729
69064
70252
70504
69757
69658
68992
68020
67084
67759
69748
67372
67642
71134
70639
68416
67912
66490
70522
67057
69388
71656
68470
71854
70594
69217
70459
70270
69973
67795
68272
67831
70756
67750
67057
68947
69370
69514
68965
73258
69658
69010
69685
67669
69244
69226
66787
68677
69064
67147
69685
68389
69649
70558
69208
69685
70009
69334
69298
70153
70045
67111
71575
70738
70684
67606
68857
69712
71476
67534
70270
68254
70243
71503
67876
68299
67327
69433
68398
68947
69379
71017
68488
70279
70801
69901
66454
67588
70540
67516
70126
70639
67903
70882
67750
68902
69667
71935
68992
70477
70495
68866
70594
70603
68839
68452
67291
71962
67282
68857
68479
70405
68578
69541
69379
66553
68686
69244
68128
68830
69433
69496
70477
68137
67633
67840
69253
68767
69505
67993
68200
68191
69739
68011
67372
68227
69919
67579
68551
67507
69388
68137
68839
69028
69586
67444
68884
70333
67435
66598
68884
68029
68407
69343
67678
70486
70360
69640
70630
69937
68038
68992
66949
70270
69100
67156
68290
71152
67759
69541
66049
69793
69343
69415
67921
66823
69973
67885
72214
68956
68119
67741
71035
67930
68731
71989
68254
69469
69910
69577
65959
70009
70234
67651
71080
69550
70504
70270
67534
70225
68191
69343
71782
68452
68686
67948
68371
66301
69244
68596
68254
68488
68326
69703
67966
68668
69424
69685
70504
68884
67273
68209
70990
69118
69091
70090
70441
69703
70945
70072
67966
66256
70783
67201
70126
66490
69154
70090
69910
69253
66859
68506
69001
69136
68497
72358
69730
67885
70144
69928
69694
68947
67462
67093
66715
69001
68308
67444
69739
69802
70216
67552
68506
68614
70306
71332
68173
68344
69181
68191
70423
67903
68470
67615
69226
68767
69352
67435
73798
70450
70585
68524
68218
67723
68164
67390
71431
70873
69901
69622
68911
68992
70072
69388
70207
68182
67741
70387
71080
69892
69100
68758
67372
70063
67768
70756
68785
68587
68857
67498
70936
71413
66958
70342
69514
67876
70351
67912
71314
71224
69037
69298
68722
72151
69622
69757
69631
67192
69946
67354
68416
69217
68938
69307
68461
71287
69424
66166
69820
71548
68812
72124
69658
68272
69208
70162
69433
70837
68920
68416
70873
67777
68623
68956
69721
70189
68128
68119
70369
65311
67255
66526
70891
69109
68794
67246
68839
69109
67183
69064
68623
68470
67309
67984
68929
69676
66427
69379
67444
68047
66112
69739
70072
67327
68470
69694
69397
68731
68236
66076
68533
67048
65131
69739
68047
69739
69469
68461
67885
69316
68065
69451
72439
69325
70423
68641
70783
68668
72664
70117
66877
71395
71890
68236
67804
68038
69208
70306
69325
66481
68587
69694
69253
68821
69955
69253
67840
68983
68263
67687
69568
68470
70549
70693
70090
69406
69982
69424
68002
67966
67309
70738
68704
70351
66013
67084
67057
67138
68794
67669
67480
68902
69766
70513
68992
69685
71341
68632
68659
68218
68326
67480
68200
67948
70135
70207
70288
68812
70648
69082
67534
67912
68893
70297
71017
68677
67318
68650
70657
71440
66823
68569
69406
69082
69964
70909
68227
65446
69127
69100
65599
70522
68128
67210
70432
66256
69820
67192
69766
69595
66490
67489
67705
68776
67381
67012
69739
70063
67138
71233
67489
68380
69964
70972
67750
68245
69640
69109
68371
72151
66463
67372
72484
70783
66373
67291
69019
67588
68938
69712
68434
69703
68956
68182
70072
71296
69946
68443
68614
68848
69325
70810
71755
69136
69703
68722
69973
69208
69325
68857
65599
67633
71854
66679
69298
68029
68749
65365
67183
68740
69217
71710
69955
69793
69694
70405
67975
67993
71215
69964
69163
70963
68920
69208
68695
69559
70684
67444
67876
69631
68668
70549
66805
68578
69487
69190
68578
65617
68920
70090
70756
68650
65698
69271
69856
69730
67156
70261
69766
67282
68884
67255
70747
68686
70486
68857
70999
68893
66283
67849
70468
70090
67210
67669
68578
71755
68677
68857
70009
69145
69100
70540
70702
68713
70972
68587
66931
68272
68263
69865
69766
70864
68407
71080
69091
67354
70567
70189
70072
68956
67417
70297
69217
69739
70963
69550
70963
67111
66877
68335
69055
68155
67957
66049
66877
70243
67264
67453
69406
67120
67120
69658
67507
68587
69739
69370
66319
67849
68632
67210
67471
67507
68884
67516
69820
69406
68461
69676
69307
70873
69703
68542
68551
68551
69217
67876
70144
70018
69181
68326
68776
68803
68299
69145
69802
68956
68533
69397
65842
67777
69370
68911
67813
68542
69334
65671
70693
68461
68254
67858
68389
68596
69109
71323
68731
68425
68281
69262
70063
68713
69163
69127
67471
69253
69577
72214
67201
68578
69190
68731
73015
69316
67723
69793
68659
71026
70342
68218
67516
71431
70081
69226
69595
69910
68632
73195
72412
69019
68740
70972
67561
66805
72187
67012
68812
69208
68290
67318
68155
65932
70117
71107
67453
68290
68929
66490
69433
67651
71413
69667
71017
68578
68587
65878
70603
69964
69406
69352
67579
73141
71683
68560
68938
69667
67894
67363
69127
66877
71611
67156
69235
68893
69550
69514
69460
67687
72619
67426
68866
70720
67282
68578
67561
68209
69631
70612
68857
69442
69361
68191
68245
68803
69622
67408
70162
67219
68605
71350
68074
70846
67759
66364
66427
71197
71044
68956
69064
70666
69298
67660
69901
69118
69802
65500
68218
71719
67903
69091
67759
66661
69046
68101
67444
69046
68002
70081
70810
69271
68200
70270
69172
67372
69811
67597
70567
70954
69424
69892
71035
70423
67309
67840
70927
66931
68821
68434
67264
69883
68488
67489
69955
70261
70117
71197
71557
71098
70054
70189
68929
70378
68767
68902
67678
69154
68434
64465
68047
70792
68848
70126
70486
69703
69352
69595
67255
67822
68173
68857
68236
69181
69694
69280
68560
66958
69406
67921
71377
67993
68398
66229
72268
69622
69577
68884
66760
69451
69532
69352
67588
68596
68119
68362
71026
69820
68263
67615
70594
66355
70342
68947
69406
70261
68236
70207
67912
69730
68839
68857
68668
69649
67813
71035
70909
68776
70774
69190
69946
68596
71395
70738
67984
67003
68029
67471
69595
70738
68191
70738
68668
68821
68263
70198
68497
72151
71674
69838
69973
71044
70216
68605
67714
68956
69046
68425
68029
71242
69262
71395
67975
71827
70855
69469
68731
67966
70234
65635
69802
67480
69271
69883
63853
70063
67822
70324
72133
71971
69190
68587
68353
70387
68443
69370
68857
67948
70603
70567
70477
68416
69037
71638
67309
70180
70990
70567
69586
68497
65446
68119
69478
67750
69982
67462
69964
68776
67129
68110
68398
69262
67741
68119
67975
69307
69901
69397
68389
68110
67957
67759
71323
69046
67489
67237
69550
70279
68191
70837
67507
66166
69856
69262
68749
70909
69523
69235
69820
70711
69586
68542
69010
70180
68965
68533
69118
67552
69955
68047
71098
67741
70657
70117
68533
68578
69343
65284
70621
68776
66715
70306
68776
70873
68614
68218
67795
65914
68452
72439
66364
68758
67759
69343
70684
69334
69703
70018
69100
71422
68686
68785
67435
67768
67606
68578
70360
68776
67615
68938
67948
65779
70135
70585
68920
68839
68524
69307
68119
68020
67930
68812
67804
70495
65662
68074
69973
70927
67984
69793
70315
68110
68668
68821
68596
66418
69613
69577
71323
67462
70819
69703
67939
69892
70063
68290
69424
66418
67957
68488
68857
68668
70126
71287
66913
69334
68650
66103
69253
70432
68767
67435
68344
67075
70342
72070
66076
71035
69568
67210
69073
71134
70360
71449
70090
69847
68254
69919
71269
68992
67120
66949
70873
71467
65671
70441
70666
69415
67822
67327
68902
70963
68677
70981
66283
69181
67192
71944
67597
69307
70576
69019
68452
69505
70891
68209
73483
68389
66553
69334
70216
68929
68011
69190
69010
69046
67849
70909
69406
67606
69136
70054
69289
70819
69280
70270
65446
68317
70882
69910
68623
67561
66022
68020
70063
69784
71755
68110
66418
68056
69694
67318
69595
70846
66931
67408
67480
67147
65311
67066
70774
67723
67201
67948
67156
69181
71314
70171
70450
69829
68767
68128
68488
70531
68992
70018
70477
70333
67237
68101
69478
65833
69460
70063
71539
70693
68389
70972
69721
70036
67732
69991
67300
68839
68479
69091
67993
67489
66310
67066
66859
68506
67903
69523
69991
70189
69631
66976
68515
67993
71818
68578
69010
67084
68443
68056
66283
69226
69640
68794
67597
70216
68236
68929
69874
71404
67903
70630
66661
69649
69109
69784
69064
67849
69235
69730
69577
68605
69199
67876
71440
65950
69361
70738
67921
69352
66985
66265
71728
67876
68677
70855
71386
68731
68578
69622
70243
68074
69109
69829
67066
70297
70504
69784
66724
69253
70360
69028
71143
68344
69271
69991
70612
69820
67552
67732
69028
68794
69784
66562
68344
70045
67039
67192
67435
68020
69676
71026
68074
67606
68353
68155
68749
72133
67750
70063
67687
70513
67903
67336
68128
69469
68497
68461
68641
70351
69748
68299
69784
66778
70099
66238
69532
69460
69838
68344
69190
69955
67084
68992
68056
71395
68335
68407
67228
69838
69721
70063
67309
67876
68434
69667
68011
69190
70405
70072
69397
70018
69172
69316
70126
70162
71125
68362
69793
67345
68992
69037
69217
67642
69460
69352
70072
71314
72664
67534
67678
68101
70792
70207
70063
69982
66445
70963
67021
70306
67453
69397
70792
67768
67921
70018
71089
70117
69649
68812
67948
66445
69316
69415
70765
70189
69316
70324
69091
69496
68560
70567
69289
69865
67840
67030
69424
72169
70288
70063
68119
68263
68515
67444
69361
70666
67327
70270
72043
67552
68038
68569
67273
69334
68632
69622
69550
69415
69334
69217
68686
69127
70045
69730
68452
66499
68506
69649
68920
69919
67759
67012
69118
70198
69883
68542
69091
66949
67750
70189
69442
67687
70171
68488
67228
69415
71782
66733
66445
68533
68281
67561
68875
67237
67291
67867
69325
71278
68128
68371
69676
69316
68803
68056
69739
70477
69037
68551
68218
69046
67768
69433
68398
68866
68785
69334
65527
68704
69001
69361
68137
68938
68254
68830
69703
69127
70306
70198
69082
72574
68983
69757
69415
69037
68659
69343
69388
70576
67705
72439
67750
68920
69667
67219
70360
69163
69199
70531
70909
68137
70963
67354
70063
64843
67309
67552
68020
67030
66535
69181
68641
72421
72124
67759
67309
69514
67930
68551
70108
69325
66499
70828
70711
68884
71404
69487
67993
67534
67165
67858
71647
70738
68281
64996
69334
66400
70000
68821
70828
68200
68848
68047
69244
69820
71017
68236
69127
67975
69109
68470
69082
71287
70072
67876
70792
69136
71422
68956
68839
67570
68695
67156
71575
69100
67768
69208
66607
68722
66985
70720
68830
66769
68848
67633
67858
70405
69127
68182
69901
68317
69730
65932
69883
70423
68020
69181
70297
68551
69289
69703
67138
71269
70846
70108
67975
69739
71611
67804
67939
67471
70396
69136
68731
70468
70279
65140
66391
69172
67750
69523
70387
67822
69784
68236
69460
69181
68119
69811
71620
67678
67579
69757
69055
69451
68650
70630
68884
71512
70288
65707
67120
70720
68092
66040
66652
70648
68956
69019
68065
68452
69838
67057
68146
69721
71395
70864
68434
69055
68407
69586
70522
68065
69388
70126
67102
68209
69901
70810
71332
68848
68776
69343
67426
67417
66427
68758
69028
68299
67156
69469
68164
66337
68578
69811
70558
71242
68038
69037
68344
68020
68740
67669
70198
68902
68254
65230
68902
70792
69577
68722
69694
68713
70612
68101
67633
67399
68848
68668
69145
68650
69190
69055
69334
68776
69451
69505
70243
67399
70324
68533
70558
67345
68695
68380
68461
68983
71179
65599
69739
68992
69361
67165
68488
68740
71053
70819
68002
66832
67525
69829
69973
67948
70108
69280
69019
68452
68236
69217
70081
67561
69586
69784
69064
67219
69928
70414
70450
69793
66337
71206
69550
66517
67939
69685
69307
67723
72088
69766
67786
69037
69055
67381
68353
68740
66760
68857
67030
71125
71620
72025
68029
68929
66796
67498
67849
70765
70261
67525
71251
68245
66769
68353
67939
68776
68731
68911
71251
71944
68641
71539
67696
70702
69145
67903
68605
69586
69163
69334
67804
69649
69019
69154
69568
67786
67318
65473
68290
67444
69406
69847
69406
69766
67921
66472
66130
69352
67228
66760
70423
70477
69712
67507
65455
67525
69091
68245
69892
67237
68758
69100
66652
67498
69262
65779
69370
68236
68848
70000
68659
69424
70126
69199
69757
69550
70873
68974
67615
70765
68299
68209
69073
68119
69217
71026
69721
71620
69469
68893
70045
70207
72052
67462
67912
70297
67237
70720
69991
67174
67624
69343
68155
70927
68470
70180
68524
70216
68803
66769
71134
69577
67525
68236
70018
68371
70297
70162
67660
71305
68479
67345
69379
66589
68308
67615
68389
69010
69613
68389
67201
69190
68452
65950
68038
66283
68164
67894
68812
66814
70153
67516
71404
69802
65950
69397
68533
69100
66832
68713
70432
69298
67381
65302
69685
67669
69973
69793
69280
70000
65509
69892
69631
71314
73204
69406
70198
64780
68515
69730
68299
68974
68569
70144
68992
69622
70864
67363
68506
67606
66904
67291
69586
72529
69172
71827
70900
66454
67651
68326
70882
72358
68416
69415
69667
65851
68290
69370
72250
67885
67714
69262
69559
68821
68335
72745
68821
70162
66904
70045
68218
67048
69784
68974
68803
69469
67516
69577
67615
68533
68191
66634
70333
68578
67795
69523
67750
69370
71107
68362
68299
70378
68560
66895
69910
69523
67948
67822
66292
66265
68452
68821
67327
71161
70864
69433
69523
65986
70324
68704
68695
69955
67534
68281
67129
70063
67777
69424
67372
67210
69442
69028
69073
69172
69100
70396
70558
69784
70990
68038
67498
69298
66319
70531
69199
69262
69568
72826
66976
70144
70441
68659
68236
71134
68551
70603
70081
68533
67462
69280
69694
68731
69784
68830
68722
68533
67507
72430
68443
69109
68083
71044
70702
66733
67768
66211
68389
69919
68506
69001
70819
67327
71134
70873
69181
67813
70468
67714
68524
70252
70198
70693
70612
69397
70531
67849
66877
71125
68578
71278
68497
70675
67570
69514
69280
71269
68272
68452
70450
70045
65950
68902
69289
66904
69874
66778
68479
69631
67039
70504
69406
69883
68119
70189
67192
67237
69109
68218
67975
67714
68362
66949
67453
65698
68686
67381
68542
70945
69154
68380
69676
68803
70081
69514
67516
68425
70882
68686
70306
68803
65824
70504
70216
69910
67057
69460
69289
69190
68227
68812
69613
68974
68011
70567
67030
69082
69361
68065
69865
69235
71026
70495
68254
66679
68227
68632
65770
68371
69541
67858
68596
69289
70531
69586
70936
70783
68326
67165
69775
68686
65977
70000
72502
71152
69613
69055
70009
69208
67993
68470
69145
66418
69244
69433
72097
70900
67390
67786
70549
69586
69136
72241
68164
67858
69361
68560
67912
70279
68308
68803
68929
67237
67840
71350
69406
67417
69910
68659
69082
66346
70369
67669
69154
68542
66814
69595
70108
68740
69694
69217
69208
70468
67696
70693
68713
67921
70045
68641
70441
69442
67246
71827
69271
68695
68884
69694
71314
67435
68623
69541
68740
68632
69748
69829
68236
67543
70837
69622
70909
68569
70891
70054
68983
71674
70972
71746
69901
66967
68605
68110
71098
68137
68002
69415
69154
69955
68317
67246
69289
68695
68668
67894
71089
67453
67138
67507
65212
69289
70009
67120
68164
68308
69523
68929
67957
70738
69154
68443
70207
70621
68236
68470
68254
69919
72277
67570
68101
70171
69442
70288
67606
69235
71908
67957
69847
68938
68848
69928
68227
69658
70423
65293
69145
70387
65401
69325
68605
69451
66850
69298
70135
66787
67984
66643
69019
69262
70009
68749
68596
67840
67552
70378
70027
70486
67336
67813
67516
71584
70459
71584
69271
69181
69991
69100
70207
71089
70657
67975
68848
69982
66976
68641
69622
66976
69172
67858
68434
71449
68875
68083
70108
69631
67444
68677
67669
69352
68596
68974
67957
69478
67858
67228
68812
66967
69190
68173
69154
72106
67003
66904
66373
68398
69010
71557
71953
67786
69757
67768
69181
67444
69379
68848
69523
65878
69010
67552
66868
69694
68578
68569
70369
69514
68065
68992
68641
70621
68335
67624
68380
71161
70819
73051
68668
69487
70306
68704
69433
70405
68218
70108
67714
70981
67309
69694
70504
70711
70630
67399
68812
72286
69199
67498
71089
70144
70774
68938
69964
69658
69775
66976
69469
70486
65923
68893
69019
66688
69397
66742
71566
71935
69568
67327
68776
68011
70594
68398
68659
69154
69316
68911
69073
67030
68407
67102
69937
67408
66994
70216
70324
67705
66328
71413
68497
69766
66967
70540
69226
69532
67309
67435
67507
67147
67984
70423
65014
70153
67552
68335
68182
69307
67561
64933
66229
68326
67192
67687
68479
65383
68236
69199
67390
68110
71728
68128
70117
68317
67669
67759
70036
69361
69613
71458
68938
71602
69586
68119
70036
69361
69316
70963
67183
66877
68380
69208
68587
72304
71872
71755
68794
69586
70045
68164
68596
69973
69289
64987
67660
68650
69856
70684
70513
66994
70315
67741
66814
67660
69973
68398
67786
68173
71233
69514
69721
68227
67489
71728
68866
69793
69667
64735
69424
68821
69739
68749
68830
69829
71692
69334
64564
69145
67534
70306
72115
68650
69235
68443
67327
68767
67687
70054
68056
68191
69766
69352
66463
67489
67561
67741
69946
72106
69496
68722
69973
67966
69064
73591
69802
68740
66607
69280
68839
70117
69847
67723
69289
68713
67921
68965
68803
68047
67984
66841
68956
66868
69127
68866
68947
67858
71494
69694
71503
67327
70639
69802
67210
69217
68956
69523
71710
69838
66661
66220
67543
70108
65374
68668
69865
68578
68227
69181
69667
68452
70234
67282
69109
68038
68713
70738
68722
69325
68371
70153
66490
69298
69118
66706
68605
69172
68641
68002
70036
69937
68479
70657
70063
69568
66355
70270
68992
67705
71818
70810
69649
68218
67984
67417
68371
69766
69424
68497
69748
69694
70315
67687
68119
72214
67984
67120
65824
70675
67813
70432
68812
69190
71674
70189
67183
69334
70324
67813
69406
70747
69172
67084
67381
70333
69559
66625
69901
69118
69226
68452
69649
70261
68947
69433
68191
68776
67309
68821
69415
69550
68956
69316
67354
67399
71395
70216
67957
67165
70702
68803
68128
72682
66301
68722
68902
67111
69388
67525
67507
71494
70153
71800
66931
72169
68029
70261
71395
70045
67786
70720
70981
68749
68479
67201
68452
70504
70810
69703
68407
70117
71242
69568
68137
69694
69838
70495
65842
68695
68731
70711
68569
67615
69541
68200
69010
69370
67597
68713
66958
67453
68767
68758
66904
69613
67570
72619
69055
66976
68461
67723
68938
67003
69523
68740
69802
68380
68389
68434
68479
68308
66400
69154
68677
68812
69064
69685
70873
70054
70342
69280
69109
69622
69190
68146
68479
68407
68497
67021
70360
67498
68992
68209
69469
72394
70540
68479
68002
64744
69811
69235
73285
71062
67849
68965
68272
67984
67597
69667
69451
69937
66031
68317
71512
65662
69199
69865
69244
66985
68506
69379
69847
69505
67075
69937
69802
67201
66742
68245
68227
71233
67525
67840
69010
65977
71926
69046
69289
69172
67183
67471
68047
68578
68245
70522
68623
66994
66031
69550
67993
66544
66274
68713
69118
68029
68479
68569
70072
72484
70144
69487
68470
71494
70306
70873
68731
70504
68200
68272
68785
67867
68587
68155
68137
70837
71719
69865
70378
69271
68947
66121
69001
67642
67930
68119
67381
70729
70423
71800
67093
68047
66733
68335
68254
67606
68479
67948
67768
69505
67363
67768
69352
69523
69586
69595
66508
67003
67147
68290
66931
67111
69199
68668
68983
69010
69019
70216
70054
67768
69748
68389
70000
69433
69226
65212
68389
68101
71521
67786
70108
68713
66400
70081
71008
70765
71944
70693
70918
70954
69595
69370
68398
68515
69019
67966
71089
66544
70774
69343
68578
69271
68983
68569
69343
70090
65221
66364
68902
69226
65545
67525
68182
67975
68074
66679
67552
69811
69730
67759
66832
70279
69595
69163
68749
70288
69874
70999
68209
68857
69667
67075
69028
67408
69289
68245
67543
70288
69136
69622
66976
68425
68353
68020
69397
70351
70810
69397
66400
68695
71026
70009
70855
69424
70198
66157
67732
68380
66490
67489
69784
68083
68488
66301
69883
68929
70999
67399
68443
66643
66670
65518
66571
73573
68290
68821
69028
71386
68983
70234
69244
70990
70441
64888
69217
70576
67624
67624
69424
70171
70522
68128
65095
69361
67228
67813
67012
67282
68128
70423
67732
68380
70549
67300
69001
67723
70342
69271
68092
70513
70729
68704
68938
69091
70297
68821
67660
69127
68740
67480
68803
70306
67786
67426
68794
67948
68866
66814
69190
70090
67327
71593
69145
68083
67921
66535
72007
68713
69487
69793
71080
67282
68299
70657
70000
66913
68461
70162
68281
69622
69955
67615
71242
71656
68245
70306
68947
68605
71287
70207
67507
66643
69694
68983
72124
68848
66760
70252
68344
67345
69298
72835
66544
69505
70513
70009
69046
68713
69091
69316
70585
67723
69379
68362
70855
69028
67111
68830
67084
69910
68371
68965
70288
69037
68623
70216
66373
67624
67552
68596
67939
65914
69172
70531
70252
68344
70162
69595
66283
69316
71143
64573
69226
69010
70864
68524
68983
67129
68605
69388
67048
70027
70063
69001
68470
69037
68272
71548
68929
68929
68767
68137
69730
71665
67417
68641
71485
70027
68218
70855
68632
68785
68461
70972
67444
66418
70306
66544
68785
68416
68344
70873
70810
70531
66472
67606
68020
68830
68047
67714
71422
70234
70675
67696
67219
68092
69883
67894
68740
68407
70243
70495
68218
70288
68083
67840
67588
67804
68560
67921
68551
66256
71395
68524
69181
68038
69676
67246
68866
68830
68992
70378
68425
66697
70045
68020
70342
68416
69613
68767
67453
69208
68002
67543
68479
68380
69424
69451
69487
70918
68992
69451
69307
67552
70009
71521
67579
67381
68776
67426
69964
69532
66373
68668
67426
70729
70333
71710
69208
68686
67633
71638
70270
68866
70324
69226
70045
65968
67408
66553
65590
67912
68920
70009
69730
68434
69775
67183
68722
70684
67372
70891
69811
70045
69676
68911
68227
70738
71053
67840
68542
68056
69442
70117
71467
70945
69973
70144
69676
65788
69847
71044
68371
70414
69415
66067
67624
67102
70351
70324
65716
65725
67219
68200
69973
71134
69928
67975
70756
69703
69208
68245
70027
69415
68650
68299
68011
66985
65491
66220
70153
70369
68488
71530
69532
68470
69415
66022
69217
67795
67948
70549
67903
68452
69442
71098
72322
68929
68668
67318
64447
69856
68668
68758
67786
69280
71872
68740
69442
69127
67651
69118
67165
70288
70315
66742
68587
67633
67921
68740
69604
69091
69379
67939
69955
67786
71566
67408
68767
68704
71557
70621
67399
69055
69046
65932
67867
68929
69010
68911
68092
67399
66931
70945
64942
69298
67111
70567
68191
67201
67912
70450
71395
69505
68452
71341
68317
69415
69406
70774
67534
67516
66832
68542
71008
70117
68389
68245
69604
66760
68929
71602
67714
69352
69091
67903
66661
65689
69766
70513
67318
70918
69343
70891
69577
67741
69991
69577
66967
72583
67030
66760
68119
69037
66913
68767
68803
69973
69262
68713
68632
68488
68542
68920
70360
68875
67930
67930
69280
70630
68011
68497
70414
67498
69658
68443
69388
67957
69325
68011
69568
68110
70324
70396
70837
70711
65320
71440
67480
69838
70036
68479
67885
66751
69199
70315
68974
69325
69883
69568
69586
69190
69370
67723
69829
66526
69838
70738
69379
68695
70144
69397
67390
69208
69127
69109
69136
68641
68848
69784
69280
67741
68533
69793
70144
68470
69604
70774
69811
68209
70738
68902
68074
66148
68119
71395
67201
67453
67525
66580
71350
69874
70171
67273
70567
67894
67435
71359
66805
66850
69766
68524
66094
69919
69496
68110
69757
68551
69820
70729
68668
68416
69847
69595
70189
69280
65788
67921
68947
69046
67219
69595
69073
68497
65419
68308
68605
70486
70900
68830
71890
71431
69406
68956
65032
69163
69658
69442
68812
70153
68803
72214
68740
68992
66562
70558
68092
69838
68704
68344
69721
69136
69028
68740
70792
67255
71125
68020
68389
65671
69433
68074
68443
66994
69325
67759
68137
68056
66949
68461
67903
70063
66688
66292
69271
69271
70117
71629
67228
68551
68884
69118
68011
70099
68452
68587
70576
71521
68047
67840
66436
67750
67327
68155
68110
69442
67327
66427
67282
68713
68605
68794
69325
70882
67885
69271
70153
70414
69451
70963
69856
70351
68533
69739
68650
67750
70261
67975
66688
67840
66886
67327
68074
68884
69811
68695
68416
66517
67705
69712
67102
69244
69136
70081
72187
67777
70144
68290
69298
68758
67750
68686
66580
70630
69118
70738
69541
67336
70675
68821
68155
70540
68137
69982
67552
69514
69118
68803
68002
69802
69298
69757
67975
70171
66715
68272
69208
68929
68065
66976
69199
68893
68263
67651
66121
68605
71566
67291
67669
67678
70261
68308
66958
69136
68317
68263
68461
68254
68731
67885
67489
70306
69622
70450
69622
68929
68785
65824
70738
68929
68992
67426
68146
70063
70000
68353
69523
70306
69388
69415
69469
67219
71116
69190
68794
70432
68299
69010
69982
71161
69973
68821
67930
69730
69712
68182
70531
68659
68425
69982
68371
69028
66400
68137
70243
68218
69199
66958
68290
70369
71080
67795
69838
68353
69622
71179
65113
69127
67570
69568
67651
68191
67651
69199
72574
67669
69118
68362
67741
70585
68146
67984
68659
68488
66823
69244
68506
69991
69199
70270
70585
65887
70054
68200
69325
68902
70081
66805
66535
69739
67129
69136
71269
68461
68749
67453
69838
67912
69046
69199
67750
68839
68002
68965
67831
68398
68182
68704
70585
65923
69136
68425
69649
70531
68200
69109
66364
68227
69343
71224
70522
68335
69748
70216
69343
70054
66571
67750
67696
69001
71134
65761
71071
68038
71080
68272
69631
69973
67048
68848
69577
69100
69622
68794
68047
71539
65680
68614
67417
68551
70576
68344
66238
69235
68983
66913
68146
71377
70279
69019
71782
70792
68812
68335
67561
70900
66454
66940
66697
68533
67939
65698
71053
68929
66337
67408
68776
70441
69784
67489
71197
70396
68191
68254
70927
67984
69784
68605
71170
70225
68029
66598
66598
70117
68866
69982
68794
67957
67390
67480
68335
68173
71908
70513
71197
69037
66238
66823
67939
67777
68218
69505
67813
70639
68434
70315
70405
69550
68974
68344
66715
71035
68911
69370
67903
68443
67453
69838
69370
71161
69613
66850
71593
69568
67741
71719
69568
70441
69199
67759
65797
68398
69928
68587
65797
68308
68560
68749
68272
69658
68866
70855
70045
66076
68695
69928
68407
67966
69946
66769
66796
70297
69694
67849
70954
70585
69685
68209
70675
72754
66787
70243
69217
68299
68263
69361
70954
66094
69613
67300
69055
68479
70513
67777
67570
68290
72313
68353
68416
71692
67372
69424
68884
70045
70243
68119
69127
69424
68677
68362
69694
68290
70990
70639
69640
69784
70126
68911
70090
68182
70981
69262
67840
69370
67471
69181
69541
63997
68776
68695
66031
70756
70009
67723
68524
70000
71935
66022
67507
69415
68758
68569
67840
70999
68533
70252
70279
67237
66598
70450
69181
69757
68713
70072
67687
69028
66292
67822
67993
66814
70585
69172
70576
71899
68776
68803
70441
68038
69109
68200
70441
68263
69415
69208
69595
69406
70054
69154
67858
71818
68236
69505
68704
69181
68677
69550
65617
68587
70099
70990
72493
70846
68155
66805
67228
67570
70378
68875
69658
71620
68776
69991
66301
68884
69010
67570
68686
68902
72358
68884
69136
67426
68254
70612
70171
68605
69991
68884
70297
67957
67453
70072
69622
67849
66778
68200
68362
67102
69541
70864
69775
68704
67219
67543
70423
66040
70063
68533
66994
69001
68911
67480
68524
69109
70513
70468
68056
70396
71377
69163
71458
69091
69136
66310
68785
68515
70387
67723
69478
68947
70441
67471
70450
70144
68983
66508
69982
68749
70846
68866
70684
68092
69334
67966
69757
71890
68983
70144
70999
70765
68569
67597
69496
70261
68722
68533
67408
67948
68695
71818
68551
69757
67957
71701
68614
69109
70243
67993
68506
68659
70720
70900
67588
69136
68884
67786
67129
70243
67417
69505
69784
68182
69154
68983
69703
69082
66274
70072
69451
69406
68965
66940
66526
67183
67804
70549
70090
68461
69892
69577
68983
67633
69559
67462
71251
70126
67687
67651
66355
68686
68083
66985
68956
70081
68299
69163
68083
69604
69019
69046
69172
70981
66841
63583
68524
67084
66508
67921
66418
71215
70171
66625
67777
68974
66913
70477
66238
68488
69451
70360
68497
69361
67741
67363
69145
69073
68560
69487
67273
68848
66778
70333
67480
68785
67282
71485
68632
68362
70459
70891
68470
67669
67741
67354
70189
69928
68560
68092
71179
69433
67210
70378
66355
70414
70891
69730
69712
71971
68443
68542
69730
66850
70027
67885
68758
70342
69919
71116
70063
67831
67165
68371
69487
68407
68047
70054
68434
70891
68713
70135
67165
68110
69325
68515
68047
65905
69703
69073
70333
70288
68119
65329
69199
69604
69487
69586
68821
70720
67939
68488
69757
68434
69523
69055
68335
69892
71629
66958
70477
69478
69766
71908
68893
68623
67669
69757
68605
69433
67084
70045
70450
68209
67948
69775
71971
70108
69298
67939
69424
69199
71683
66526
68155
69604
66607
67750
68614
70153
68857
69181
70990
67273
71791
67732
71242
68362
67480
71269
67975
71368
70036
68641
69442
70090
69883
69361
73240
68407
69514
70045
70090
67246
70189
69460
69352
69307
67417
69568
71881
68101
68956
66535
71548
72727
70531
69388
69496
68299
70369
69631
69082
67669
66598
65644
70189
68227
69712
68389
67705
70828
70648
70387
67111
69235
69145
67588
67651
70027
67723
66373
67129
70360
69127
70063
70081
69757
68173
66211
69991
71152
70270
67633
68407
68659
67084
70306
70171
69982
70558
66625
71962
70198
67129
67984
67498
69901
69298
71584
71260
68173
67597
70333
68281
66355
69982
69334
68632
69829
68425
67381
67822
70153
70639
68263
67444
69676
71620
65203
69631
70000
70297
69433
69694
67606
68515
69055
67984
72601
69055
67741
69640
69316
67516
68155
68164
70486
68047
67705
67003
67885
68236
69649
68641
69433
67282
69937
66949
70936
70297
71404
67471
70063
68272
70999
69532
68461
70531
68380
66607
69712
67768
68947
67777
69451
64771
68560
67876
68452
71089
69298
71215
68929
69811
69991
69595
67921
69478
70396
68731
70342
67102
66805
69559
67228
71422
70018
70495
69001
70063
69244
67579
69676
70972
68767
68884
70387
68767
71071
72970
70576
69784
67885
70675
71134
65986
67597
68587
68434
69919
68731
70999
68785
66976
69847
69748
68632
71026
69154
67543
71359
69595
70360
68938
67273
68893
67318
70360
69874
67453
67381
68074
69595
71170
69208
70720
66751
67957
68893
67255
66598
67606
70657
68596
67291
68020
71980
69163
67534
69028
71062
69226
70189
69163
72565
68650
71071
70999
68929
69685
68470
71143
70594
68362
67183
69640
69424
67777
68974
69235
70927
66364
69019
70549
69937
65392
69406
70774
72304
69127
69379
72133
67354
69163
68551
67408
69892
68857
70603
68758
67174
69550
68911
69289
67606
69937
70450
67003
69163
67723
69559
69163
68992
70216
69748
67777
65824
68461
68218
68389
68956
68182
70144
66778
71314
69640
68749
68884
69766
68398
68380
67957
65680
69883
69136
68992
69109
68317
69856
70639
68803
68515
70720
69901
67615
69199
70549
67759
69496
70378
69037
68461
69091
66652
68632
68164
68434
69541
70036
68785
69298
68947
69460
66958
70279
69658
67570
67705
69172
68047
68983
70567
69640
68434
70342
68110
68308
70639
70540
67624
70054
68569
66076
68578
69766
68857
67264
67858
69874
67984
69442
69739
70531
69370
65977
71665
68128
69667
68875
70531
68983
67462
68992
67885
69892
71404
68902
68578
69712
68533
68839
66805
67804
65662
69271
70036
68839
67120
68515
69757
69793
70198
67759
68641
67624
67021
67075
70207
68182
71440
68794
71746
71008
69415
69442
68965
70819
68308
69811
69055
68965
64735
67696
69469
66535
71170
68398
70828
69784
65986
69856
70423
68776
67453
69433
67939
68353
69379
66166
67813
67003
70540
66157
69847
70612
67291
68074
70342
67660
68830
69946
68299
70810
69523
68794
70495
68083
68281
71746
67192
67129
67804
69775
69154
65743
69010
70774
70612
68398
70603
67669
71584
70558
69397
67921
71998
67534
69937
71467
71944
72331
69244
70126
68470
68542
71989
69613
66400
67552
70297
70153
70702
69136
70189
70945
66976
70135
68857
68587
69559
70261
67597
68614
68173
69127
71215
68641
68920
66193
67750
70810
70378
67102
68110
66967
69730
71377
66976
68785
68128
67237
69298
67336
69820
69829
68200
68470
66256
70198
68686
68686
70108
70423
67525
71710
69514
70315
67885
69892
67723
67939
72421
68902
68281
70000
70504
69937
68326
70441
71035
67165
70216
71809
66472
69442
67579
70279
68821
67426
69793
66508
67723
70414
67282
68443
66535
67669
70207
68200
67138
67795
67624
66724
66967
68047
69325
70171
67642
68641
70378
70873
70225
69019
68650
68551
68668
70027
69775
69154
71314
66337
69451
67975
68398
69091
71080
67705
69316
68092
70450
68452
67102
68281
68740
68371
70378
70729
68326
64690
67669
67102
71233
68092
69604
69064
69703
70171
68794
67912
67021
70027
68416
67444
68272
66769
67606
70405
68470
66562
69532
67660
69793
70513
69433
69028
70990
69199
68128
69271
73960
72079
69865
68461
68038
69640
67291
69253
68938
68920
65752
70045
69325
69118
71386
70990
69028
70081
68542
69163
67291
69082
72223
69217
68938
71701
68524
69379
67210
68452
66328
68578
69901
69154
67057
67453
67993
67444
68083
69685
68686
68308
72070
70684
70135
67741
70306
69568
67966
70144
68974
69334
70270
69235
68434
67201
69631
69019
69856
67282
70144
72259
67354
68254
69379
66751
68299
68551
70603
70765
70189
69100
71098
66112
71521
69154
70162
68596
68632
67165
69010
69820
69415
68209
68065
69424
68389
68191
68398
69541
71341
72169
69829
72313
66733
70972
68767
68884
66310
67795
69316
70693
69037
68677
67921
66958
69082
69604
67048
68695
67138
69649
71764
67336
68398
69847
66940
65833
69676
70954
69784
69496
69613
67858
70018
68497
68569
67102
67930
68632
69433
67768
68542
67687
68065
66238
67786
68560
69361
68713
67048
69154
70567
68191
68128
69001
71143
66481
68713
69037
68254
66373
66679
68506
69721
71386
67624
69964
70540
69685
68353
67363
69415
67813
68065
68848
71080
69667
69550
71449
69937
68560
66886
69271
68416
67903
69883
71350
69928
73168
67939
70927
70054
69622
71107
70063
67705
68893
66967
65752
69388
68191
67462
69685
67075
71314
66454
68614
68227
68173
68560
70081
70279
68245
70315
66175
67885
69550
69946
67696
70369
69685
68092
71152
70603
68056
67822
68380
67723
68857
68803
70189
66760
70585
71197
67561
67777
69523
68146
66355
68632
69163
70045
67534
68443
69028
69226
69154
68218
67813
68020
69478
67849
71269
67426
69712
69424
71098
70279
71917
69262
68362
67624
67075
70621
67813
69244
70036
67165
70432
70270
67948
68488
68011
69154
68704
68290
69145
70288
68749
69325
70018
68479
67498
68380
69730
68740
66733
68389
68263
67651
69910
67633
66013
67516
69856
68398
71062
69163
69325
68812
70108
68929
68938
70936
69190
69361
66958
68470
72205
68893
69883
69928
68218
70801
67930
66382
69037
69469
68713
68362
66238
66742
70621
68290
68830
71584
69874
69478
69865
68695
70963
70720
69037
68893
70369
70243
67381
68857
68488
67615
68218
69136
68686
71935
69775
68569
68326
68146
67588
67570
67111
68443
69784
66247
69838
68434
70405
68434
68776
69082
69559
69442
69541
70909
68380
68083
70567
71503
69838
70036
68002
68326
68290
68218
68308
69829
69271
67156
70486
68947
69082
69757
69667
71494
69352
66589
68119
69352
66742
66265
65833
69046
70747
73888
66823
70540
69541
72133
68929
71557
67201
69055
71854
67255
69568
68299
69622
67336
69577
69109
69505
69496
67417
68020
69595
68551
70792
67894
70288
69361
68641
70927
69190
68182
68263
69847
67174
66994
67174
68722
69658
69514
67255
66940
64465
69046
66679
67651
70090
68362
71071
67867
67705
70108
67309
69631
69766
66787
68011
65635
68902
70189
68038
68236
67102
67939
66184
68839
70225
67732
69523
67876
68353
67093
69712
68479
67795
67021
68902
68470
70324
68758
69937
68533
72610
66949
66454
69712
66868
67525
71296
68956
69280
68947
70522
68911
68533
67255
69046
70360
69730
70360
67444
69271
68236
68344
70603
68065
67561
65779
70027
68137
73177
71359
70180
68083
67048
67075
69604
67372
67057
68173
70279
68758
69775
67885
69460
68650
67930
67858
70333
68470
68614
69595
68191
69271
66976
70009
66751
67858
69433
67624
69280
69784
71044
69847
