39985
41173
40129
41164
41434
41443
41380
41290
40039
40309
41515
41110
41569
40570
41155
41695
41182
41326
41506
41128
39958
41173
41578
41245
41182
41110
40183
41299
41371
39994
40282
41506
41578
41218
41317
41317
41965
41137
39976
41605
40174
40210
41209
41317
41191
40012
41533
41497
41362
41542
41254
40030
41065
40390
41398
41434
40039
41416
41380
40930
40147
41578
41425
41560
40057
40264
41002
41605
41200
41785
41461
40291
41695
41506
41506
41353
40111
41110
41182
41398
41569
41659
40255
40417
40165
41704
41515
39994
40273
41200
41299
41281
41416
41452
41326
41236
40066
41326
41092
41452
41533
41362
41533
41335
39958
41236
41641
41488
41407
40714
41209
41155
41317
41578
41686
40039
41317
41281
39976
41371
41650
41335
40138
41551
40120
41236
41506
40165
41452
41560
41353
40300
41389
41524
41497
41254
41461
41668
41299
41218
40561
40534
41290
41461
41488
41389
41560
41425
41488
41182
41443
41497
41380
41164
41416
41497
41560
41038
41317
41677
41407
41434
41488
41236
41452
41479
41173
41245
41227
41146
41110
41407
41263
41749
41299
41335
41344
40669
41470
41362
41623
41416
40309
42172
41074
40003
40318
41137
41272
41218
41398
40048
41677
41281
41110
40759
40012
40660
40471
41470
41506
41353
41056
41542
41326
41839
41209
41236
41380
41362
41497
40327
41461
41560
41101
41164
41542
41299
41362
41344
41461
40165
41326
41461
41821
41731
41308
41425
41146
41353
40435
41209
41461
41722
41371
40219
41182
41344
41308
41308
41326
41533
41092
41335
41596
41353
41488
41515
41263
41407
41434
41785
41542
41470
41074
40030
41200
41092
40165
40237
41398
39994
40345
40210
40273
41578
41560
41398
41299
41308
41326
41623
40345
39904
41155
40174
41290
40156
41398
40345
41326
41281
40003
41533
41326
41038
41254
41074
40210
41461
41425
41326
41362
41659
41524
41794
41299
41317
41263
41164
41488
41236
41299
40111
41245
41371
41164
41470
41029
41281
41101
41272
40471
41542
41497
41488
41371
41335
41596
40417
40642
40039
41380
41227
41686
41326
41101
41281
41389
41758
40246
41236
41281
41263
41731
41317
41497
41146
41326
41326
41416
41443
41335
41281
41443
41407
40138
41254
41569
41227
41425
41623
41227
39976
41686
41596
41416
41659
41839
41443
41434
41326
40552
41443
41317
41731
41416
41317
41515
41434
41389
41155
41335
40345
40120
40489
41074
41308
41218
41326
41452
40345
41299
41632
41965
41578
41740
40417
40057
40048
39985
41461
41479
41218
41443
41704
41227
41533
41443
40732
41560
40048
41416
41812
40102
41407
41398
40156
41533
40381
40093
41866
41515
41173
41461
41281
41254
42028
41434
41551
41227
41452
41479
41686
41326
41209
41461
40066
41245
41587
41542
40138
41227
41542
41299
41452
40039
41371
41218
40516
41344
41389
41434
40147
41803
41596
40273
41182
41434
40255
41371
41002
41443
40318
40975
40489
40129
41722
41785
40147
41425
40345
41299
41704
40408
40300
41695
41749
41587
41227
40192
41155
41272
41281
41686
41344
41641
41362
40345
41434
41632
41947
41326
41245
41497
40147
40633
40201
41209
41236
41461
41209
41677
39967
41596
40993
41362
41551
41173
41236
41245
40147
41362
40084
41893
40543
41371
40732
40399
40507
40075
41497
41146
41650
41227
41434
40669
41146
41470
41074
41614
41542
41407
41353
40147
41704
41443
41344
41695
41245
41443
39985
40705
41272
41542
41326
41254
41173
40930
41326
41254
40012
41857
41533
40165
41506
41074
41506
41425
41083
41596
40075
41632
41218
41371
41479
41902
41839
41488
40201
41830
41506
41614
41191
41344
39949
40030
39940
41299
41101
41461
42127
41182
41569
41191
40759
41326
41326
41335
41443
41407
41326
40219
41488
41551
41263
41182
41173
41209
41317
40183
40723
41308
40660
41407
41065
40786
41542
41758
40165
41245
41047
41803
41281
41191
41695
41938
41434
41371
41749
40030
40111
41236
41119
41551
41065
41047
40012
40003
41326
40453
41344
40309
41497
41524
41245
41317
41551
41371
41488
41578
41353
40111
41425
41407
39922
40264
41461
41263
40534
41362
41704
40219
41191
41407
41506
40156
40021
41443
41173
41146
41218
41092
41542
40705
41542
39958
41227
41398
41524
41254
40894
41299
41200
41146
40102
40444
41362
40075
41380
41380
41317
41524
41398
41218
41461
41119
41209
40795
41119
40489
40372
41506
41983
40138
41371
41533
41191
41488
41209
41362
41749
41443
41281
41452
39931
41515
41263
41488
41452
41758
41461
41317
41362
41164
41389
41209
41254
41425
41272
41425
41470
40381
41317
41155
40003
41155
41074
41884
41326
41227
41182
40831
41371
40849
41353
40984
41569
40399
41380
41443
41425
40345
41560
41650
41596
41371
40111
42109
41245
41146
41353
41488
41389
41065
40165
41488
41623
41371
41308
41353
41353
41650
41659
41488
40489
41470
41704
39994
40903
40111
41407
41200
40156
40165
41407
41497
41128
41443
41227
41182
41299
41461
39985
40237
41542
41668
41371
40084
41587
41335
40039
40642
41668
41245
41227
41371
41497
41155
40246
42046
41209
40849
41389
40633
41164
41353
41353
40228
40345
41290
41785
39976
41371
41353
41317
41560
40984
41632
40381
41380
41299
41515
41407
41380
41488
41785
41335
40939
40426
41236
41398
41623
40408
41551
41587
41443
41344
42010
39859
41380
41398
41218
41713
41506
41461
41398
41407
41326
41551
40786
41443
41452
41740
41425
40363
39922
41344
41371
41380
41290
41641
41713
41533
40633
41560
41866
41200
41380
41416
41335
41362
40120
41308
41272
41731
41695
41362
41353
41434
41416
41128
40084
41380
41578
39922
39886
41488
41065
41362
40921
41506
41641
40786
41425
41506
40903
41434
41083
41119
41632
40066
41470
40093
41155
41911
41074
41344
40300
41389
41686
41191
41182
41416
40552
41380
41758
41560
39922
40246
41110
41650
40219
39949
40147
40165
41506
41335
41416
40264
40318
40552
41227
41317
41695
41461
41479
41866
40840
41290
40309
41884
40273
41938
41317
41461
40723
41281
41470
41227
41479
41182
41605
40057
42109
40372
41605
41389
41452
40228
41317
41200
41236
40174
41308
41344
41731
41407
41326
41317
41353
40156
40138
41470
41686
41110
41695
41353
40057
42181
40327
40759
40102
40012
41317
41308
41506
40084
40048
40138
40183
41164
41416
41677
41398
41695
41389
41452
41281
41722
41353
41326
41560
41236
41272
41407
40264
41488
41335
39913
41137
40642
41560
40111
40084
41029
41533
41497
41335
41488
41335
41029
41515
41515
41182
41182
41182
40399
41479
41407
39913
40390
41551
41443
41218
41299
41416
41524
41407
41344
40021
41200
40048
41110
41884
40597
41596
40849
41587
41668
41029
41353
41380
40795
41362
41227
40273
40093
40957
40102
41362
41488
40084
39976
41407
40732
41119
41533
41749
41533
40048
41542
41488
41416
41677
40030
41092
41506
39895
41362
41353
41335
41632
40237
41542
41344
41731
41434
41326
41200
40273
40300
40057
41812
41299
41344
40858
41065
40300
41425
40147
40489
40174
41353
41155
40030
40921
40750
41524
41227
40291
41407
41218
41245
41362
41200
41245
40057
41623
41155
41569
40210
41470
41461
40201
41182
40489
41497
41308
41533
41308
39958
41794
41668
41389
41362
41551
41344
41362
41371
41425
41434
41146
41569
41227
40174
41254
41569
41686
41056
41731
41101
39994
41326
41659
41569
41191
41479
41155
41047
41623
40156
41443
41551
41101
40264
41092
41236
40462
40156
41101
41398
41299
41263
41353
41542
41722
41128
41290
40885
41290
41200
41317
41551
41650
39958
41515
41659
41191
40615
41083
41335
41389
41452
41434
41173
41515
40822
40255
41776
41209
41389
40264
41308
41362
41362
41164
40264
41632
41398
41425
41371
41443
41776
41326
40390
41425
41353
41218
41479
42109
41290
41308
41245
40732
42154
41290
41263
41290
41371
41488
41812
41668
41191
41254
41515
41173
40183
41155
41614
41902
40867
41299
41020
41434
39985
41380
41272
41416
41218
41308
40363
41245
41209
41389
41497
41605
40246
39949
41326
40408
41137
41146
41821
40084
41443
41785
40039
41272
41299
41875
41416
40147
41740
41920
41317
41263
40147
41398
41389
40282
41371
41677
41209
41641
40228
41434
41614
41155
41722
41326
41299
41317
40147
40138
41389
40120
41434
41515
40867
40129
41506
41353
41317
41308
41578
40156
41389
41614
41497
40282
41398
41290
41083
41434
41560
41479
41092
41668
41416
40642
41281
41506
41218
41398
40021
41137
41227
41830
41425
41434
41488
41290
41353
41542
40201
41407
41308
41542
39976
41650
41074
41254
40219
41560
40489
40030
41479
40309
41389
41299
41542
40273
41434
41533
41443
40048
41542
40219
41263
41488
40390
41137
41065
41596
41200
41074
41542
41407
40192
41263
41290
41353
41173
41164
40516
41335
41362
40741
41353
40903
41479
41227
41218
41506
41542
41398
41686
41164
40840
41632
40120
40138
41488
41758
41308
41317
41407
41155
41272
41299
40750
41290
41245
40516
41353
41434
41470
41677
41515
41353
41362
40345
41290
40408
41254
40201
40300
41263
41038
41335
41461
41632
41776
39967
41335
40138
41560
41326
41200
40255
41263
41614
41344
41830
41443
40246
41434
41353
41839
41488
40012
40660
41416
41344
41425
41371
41596
41641
40309
40210
40201
41407
41173
40678
39994
41245
41434
41137
41362
41569
41641
40687
42469
41182
41245
41416
41236
41551
41353
41479
41524
42298
41389
40147
41380
41335
41389
40552
40102
41200
41668
41875
40219
41290
41488
41929
41236
41407
40291
41515
40147
40507
40615
41551
41272
40291
41245
40039
41695
41641
41434
41092
41596
41740
41659
41488
41173
41578
41173
40354
41632
41488
40462
41542
41713
40552
41380
41371
41155
40093
41389
41056
41389
41605
41227
41380
41317
41434
41290
41434
41425
39958
41272
41353
41371
41632
40894
41794
41758
41938
41245
39994
41200
41110
41335
41344
40201
41335
41182
41308
41506
41380
41605
41173
41524
41380
40165
41515
41146
41425
41497
41434
41497
40813
41344
41479
41074
41308
41389
41704
41155
40984
41254
41128
41650
41830
41272
41560
42064
41542
41200
40093
41407
40732
40399
41227
40633
39913
40057
41470
40291
41353
41272
41263
39922
41542
40327
41173
41290
41893
41344
41155
40210
41371
41299
41245
41056
41731
41389
41713
41227
41425
41245
39922
41641
41272
41812
41272
41308
41587
41542
41236
41497
41047
41038
39895
40318
41479
40687
41560
41407
40291
41083
40138
41002
39958
41479
41704
41227
41245
41344
41983
41128
40714
41047
40102
41344
41155
41992
40012
41326
41074
41704
40462
39994
41110
41506
41317
41866
40732
41254
40138
41272
41452
41668
40210
41362
40138
40048
42037
40201
40246
41236
41380
41398
40228
41362
40903
41380
41461
41686
41452
41389
41191
41452
41875
41173
41848
41578
40615
41200
41479
41704
41200
41083
41425
41542
41578
41632
41542
41497
41569
41488
41353
41227
41101
41362
41398
41686
41461
41857
40597
41551
41182
41200
41200
41353
41443
40435
41668
41506
41578
41533
41191
41362
41407
40039
41533
41596
41704
40219
41119
41578
41308
41362
41209
41848
41524
41452
41281
40471
41956
40606
40291
40561
40183
41407
41119
41470
41560
41353
41335
41470
41380
41281
41686
42307
41722
40507
41380
41704
41281
41263
42010
41560
40282
41110
41686
41398
41362
41614
41344
41416
41587
41416
41461
41335
41614
41236
41479
41623
40048
41668
41263
41344
41551
41191
41290
40705
41155
40093
41137
41254
41326
41236
41569
41488
41119
41542
41362
41281
41173
41299
40795
41119
41542
41416
41263
41641
40228
40741
39994
41461
41065
41290
41380
41569
41866
41533
41506
41209
41155
40768
41173
41650
42046
41254
41317
41290
40138
41695
41308
41398
41425
41506
41596
41290
41569
41020
41425
41461
41200
41209
41335
41461
41389
41137
40309
40534
41362
40876
41380
40273
41218
41272
41173
41164
41659
41335
40435
41704
41353
41281
41326
39994
41308
39976
41596
41470
41317
39895
41083
41344
40471
40291
41353
41245
41407
41857
41218
41101
41533
41398
40741
41551
41353
41497
41200
41380
41056
41740
41281
41434
40057
41569
41398
40921
40138
41587
40471
41272
41659
41137
41245
41272
41371
41695
40246
41290
41290
40597
40552
41623
41551
41452
40057
41605
40174
41452
41704
39922
41596
41236
41722
41299
41263
41155
41308
41434
39949
40975
41632
41596
41470
41182
41425
40255
40327
41236
41551
40336
40804
41452
41776
40111
41587
41083
41272
41614
41056
39958
41416
40012
41398
41344
41236
41227
40021
41191
40030
41830
41290
41461
40219
40300
39949
41317
41542
40651
40201
41425
40210
41317
41776
41254
40876
40372
41569
41461
40048
41488
40057
41362
41425
41335
41209
41443
40138
41236
41083
41443
41596
41317
39922
41479
41263
40057
41722
41353
41344
40282
41551
41407
41299
40228
41578
41362
41200
41155
41245
41146
41434
40804
39940
40192
41488
40300
41245
41290
41452
41137
41587
41317
41218
41515
41191
41326
41686
41425
41308
41173
40048
41245
41380
41371
41281
41569
41308
41146
41542
40399
41416
41416
41524
41452
41209
41497
41497
41497
41425
41209
41281
41398
41425
40129
41677
41398
41362
41713
41596
41605
40111
40237
41173
41371
41497
40354
39760
41245
39994
40021
41542
41074
41434
41434
41497
41335
41074
41551
40741
41515
41461
41488
40786
41884
41830
41353
41497
41605
41317
41200
41398
41506
41182
40561
41389
41452
41605
40840
41776
41362
41425
40084
41425
40318
41353
41659
39985
41479
40804
41137
41083
41596
41434
41308
41398
42118
39967
42208
41254
41056
39985
41083
41299
41479
41452
40858
41533
41650
41344
40570
41047
40138
41299
41245
40201
41362
40030
41632
41434
41335
41398
41614
40453
41434
41254
41119
39958
41695
41182
41029
41227
41398
41245
41119
41119
41029
41470
41425
40579
41191
41254
41596
40039
41353
41668
41272
41317
41263
41344
41605
40084
41974
41488
41596
40273
42703
41560
41704
41344
41398
41371
41335
41236
41146
41425
41506
41344
41209
40084
41542
41398
41200
41425
40759
40039
41218
41605
41155
41569
40246
41452
40588
40102
41587
41299
40111
41353
41380
40102
40147
40138
41587
39931
41308
41515
40642
41803
41596
41479
40453
41254
41011
41263
41398
41551
40156
41416
41371
41299
41578
41326
41344
41479
41389
40984
41605
41353
40606
41578
40237
42046
41335
41353
40795
41335
41272
41569
41668
41929
40237
41506
41479
41209
41146
41128
41668
41290
41317
40021
41308
41191
41326
40849
41164
41920
40642
41650
41695
41344
41650
41290
41254
41308
41092
41101
41191
41281
41443
40048
40228
41272
41308
41488
41560
41677
41515
41470
39985
41317
41758
40012
41182
41344
41470
41452
41434
40111
41434
40399
41299
41713
40201
41785
41263
39949
41299
40372
40183
41686
41461
41506
40561
39877
40093
41290
41407
41362
40444
41263
40291
40246
41299
39967
41308
40039
41335
41047
41470
41416
41704
41326
41488
40075
41641
41398
41290
41173
41434
41506
41461
40714
41686
39940
41344
41263
40498
41434
41218
41326
41056
41452
41326
39976
41470
41542
41974
41506
41452
41236
41614
41191
41290
41677
41506
41290
40525
41128
41299
41146
41290
41110
41479
40138
41488
41434
41146
41020
40237
41056
40066
40984
40264
41623
40615
41452
41317
41119
41128
41533
41434
41515
41668
41542
41002
41353
41407
41236
41623
41416
41299
41245
41893
41524
40921
41416
41299
41254
41164
41281
41470
41434
41605
41605
41173
41380
41353
41245
41470
41551
39958
41623
41839
41632
41443
41083
41281
41020
41308
41254
41740
40480
40327
41857
40363
41218
40183
41155
41281
41317
41191
41146
41749
40228
41299
41200
41425
41263
41299
41524
40174
41434
41110
41317
41344
41659
41380
41560
41380
40903
41659
41551
41452
41470
39967
40300
41326
40147
40381
41299
41209
41326
41596
40966
39994
41218
41596
41263
42199
40165
41074
40120
41623
42091
41740
40228
39967
41200
40075
40516
41047
41380
41191
41803
40399
41587
41398
41812
40048
41317
41515
41650
41839
41506
40300
40003
41272
41371
40111
41587
41245
41164
41011
41596
41281
41128
41362
41578
39985
41128
40345
41308
41434
40057
41326
41578
40777
41479
41416
41902
40255
41416
41020
40048
41344
41344
41452
40147
41200
41344
41389
41218
41461
41560
41317
41200
40066
41389
41398
41110
41866
41074
40039
39841
41002
40975
40480
41659
41506
40372
41047
41344
41308
41578
41515
41578
41497
41650
41245
40255
41524
39886
41443
41434
41398
40048
41173
41272
41479
41434
40012
41182
41614
41704
41371
41704
41416
41227
40462
41434
41200
41587
41551
41434
41506
41641
41686
41326
41542
41533
41371
41416
41488
41488
41470
41065
41821
41425
41524
41434
41155
41020
41245
40273
41272
41191
40345
41443
41389
41884
41218
41236
41956
40246
40822
41461
40066
41047
41389
40039
40102
41245
41389
41362
40381
41254
41263
41227
41146
40291
41272
41344
41344
41380
40687
40282
41506
41425
41281
41794
40480
40705
41767
41560
41236
41560
41443
40111
40156
41587
41389
41209
41488
41344
40165
41911
40093
41344
41335
41551
39958
41317
41416
41344
41524
41461
41686
41425
41632
41533
41281
41596
39940
39940
41362
41470
41164
41371
41470
41659
41191
41245
40021
40624
41758
41335
41425
41326
40156
41335
41524
41245
41416
41506
40516
41488
41353
41479
41659
40075
41254
39976
41191
41452
41335
41335
41236
41443
41506
40840
41749
40237
41011
41308
41515
41461
41362
41650
41488
41407
40021
41290
41335
41326
40300
40039
41326
41416
41533
41398
41551
41272
40651
42037
41425
41515
41767
41632
41236
40318
41290
41362
39985
41344
41254
41632
41290
41542
41236
41389
40318
41317
41443
41371
41389
41506
41272
41641
41785
41569
41281
41128
41371
41038
41272
40489
41398
41074
39922
41353
41857
41488
41317
41551
41398
41479
41776
41686
40228
41551
41452
41101
40741
41524
41254
41407
41569
41272
41353
41011
41146
40183
40120
41614
41263
39958
41488
40408
41389
41461
39949
40345
41263
41326
41047
41551
41434
41245
41344
41443
41344
40597
41452
41461
41200
41551
41524
41515
40138
41425
41335
41650
41200
41155
41515
41317
41587
40399
40705
41686
41371
41470
41074
41020
41425
41290
40201
41182
40624
41218
41803
41317
40444
41497
40831
41992
41524
40111
41641
40408
41902
41101
41263
41290
40417
41470
40597
40849
40075
41227
41281
40156
41326
41659
41641
41263
41407
41263
41281
41749
41407
40228
41452
39940
40192
41425
41407
41857
41623
42109
41407
41272
40192
41371
41155
41227
41713
40003
41479
40912
41713
41434
41380
41218
41578
41308
40237
41506
40183
41524
41200
41335
40228
41236
40012
41254
41173
41362
40354
41479
41128
40075
41362
41380
41416
41362
41353
41686
41407
41362
40093
41227
41236
40084
41488
41749
41245
41380
40318
41434
41506
41623
40615
41398
40210
41362
41434
40273
40318
40012
41641
41803
41353
41200
40048
41722
40021
41182
41497
41443
41461
40390
41362
41317
41587
41128
41803
41119
41515
41308
40624
41515
40624
41362
41587
41362
39967
41317
41416
41470
41200
41749
40768
41299
41236
41722
41308
40174
41272
41425
41326
41551
41092
39985
39994
41920
41236
42019
41488
41362
39994
41353
41479
41632
41524
41353
41587
40462
41155
41560
40075
41326
41461
41551
41470
41254
41614
41848
41191
41281
41173
40057
40705
41380
40912
41641
41254
40201
41443
41218
41461
40039
41227
41560
41542
41173
41506
41587
41119
41506
41479
40030
41281
40156
41569
41515
42028
41200
41515
41164
40975
40363
41380
41596
41434
41254
41290
40552
41893
41587
41236
41218
40831
41281
40741
41425
40282
41308
41155
41344
41560
41443
41569
41542
40003
41506
41182
39949
41344
41245
41389
42046
41497
41704
41227
41326
41308
41569
40228
41353
40237
41308
41452
40300
40840
41740
41326
41722
40624
41227
41605
40462
41263
41443
41245
41353
41074
40093
41596
41245
41614
41191
41416
41650
40345
41254
42091
41425
41128
41218
41443
41371
41416
41308
40039
41668
41218
40102
41191
40345
41083
41731
39931
41371
41740
41272
41812
41452
40858
41389
41551
40129
41767
40048
41515
41272
41551
41236
41380
41425
41218
41380
40255
41263
40156
41092
41434
40030
41740
41263
41416
41137
40255
40030
41389
41407
40309
41173
41470
41317
41497
41488
41128
41416
41551
40633
41686
40012
41587
40210
41569
41317
40417
41434
41506
41371
41830
41407
40102
40318
41488
41506
41083
41380
41353
41173
41452
41182
40156
40804
41146
41353
41731
41641
40030
41398
41488
40012
41434
41560
41281
41074
41560
41677
41281
41353
41317
40705
40993
41695
40048
40075
40714
41020
41605
40273
41686
39931
41497
41056
40309
41362
41380
41794
41137
40660
41407
41317
41380
41344
40129
41650
41758
41443
41209
41038
41200
41587
40174
41524
41893
39994
41470
40246
39958
41407
41659
42055
40714
41101
41407
40768
41362
41767
41218
41362
41479
41542
41344
41353
41398
41308
41515
40867
41641
41371
41596
40579
41281
41488
41524
40660
42190
41479
41308
41650
40174
41317
40021
40237
40012
41362
41452
41254
41317
41209
39904
41956
40246
41191
41344
40075
41173
41596
40147
41137
41569
41254
41362
41029
41641
41704
41416
41407
39940
40228
41452
41497
41785
41119
41074
41641
41074
40174
41650
40831
41506
40048
41434
41488
40102
40129
41830
41470
41155
41497
41281
40903
41902
41524
40336
40606
41200
40912
41506
41695
40786
41416
40093
41083
41452
40507
41704
41470
41227
41497
41497
41254
41200
41425
40993
40120
41641
41326
40120
41461
41821
41524
41038
41290
39940
40030
41605
41794
41641
41191
41191
41101
40768
41479
41227
41758
41263
40813
41299
41542
41155
39958
40588
40579
41479
41587
41407
41236
39985
41785
41425
41272
41416
41560
41263
41299
41407
41434
40498
41299
41551
41173
41362
41137
41533
41443
41092
41515
41569
41083
41524
41686
41209
41263
41416
41641
40030
40759
39967
41353
40120
41425
41056
41254
41389
40975
41182
41497
40219
41434
41380
41515
41389
41812
40210
41389
41254
41308
39895
40039
39994
40417
41578
41470
41155
41317
41272
41767
39994
41362
40183
41578
41389
41524
41380
41407
41407
41425
41425
41191
41596
41542
41281
41371
41083
41488
40021
41299
40228
40399
41290
41335
40201
41101
41047
39985
41344
41380
41569
41560
41227
41326
40282
41533
41407
41641
41245
41443
41605
41551
41488
41209
40156
40642
39976
41389
40480
41668
41434
41335
41353
40201
40147
41488
41353
41209
41290
41425
41209
41110
40390
41443
41596
41056
40606
41470
41965
41416
41479
41416
41677
40120
41344
41551
41137
41200
40975
41443
41236
41155
41011
41623
40507
41227
40255
41578
41263
41524
41371
40318
40093
41344
40084
41416
41218
41542
40993
41848
41281
41353
41272
40426
41101
41425
40669
41461
41362
41326
41290
41254
40912
41533
41704
41524
41353
40138
41668
41344
41677
41182
41596
41434
41281
41677
41011
41398
41200
41407
40444
41209
41389
40705
41695
41983
40615
41029
39967
41470
41227
41470
41209
40759
41407
41641
41830
41407
41488
40138
41290
41578
41479
40399
40030
41290
40156
41326
41443
41731
41326
41245
41353
41344
41335
41281
40237
41263
41218
41335
41749
41038
40129
41479
41227
41470
40435
40525
40012
41407
41317
40264
41272
41380
41866
40111
40642
41344
41254
41488
41812
41470
41128
41506
41254
41416
41713
41623
41236
41380
40345
40471
41092
40111
41218
40345
41335
40858
39958
41686
41317
41380
41182
41425
41227
41713
41731
41209
40309
41272
41524
41470
41344
41353
41272
40408
40192
41425
41479
41182
41281
41407
41722
41209
41335
41146
41218
41371
41308
41659
41578
41398
41128
41569
41389
41650
41092
41335
40345
41425
40003
41425
41344
40723
41137
41263
40003
41362
41389
41254
40030
40786
40336
41587
41209
41623
40624
40903
41749
39949
41263
41515
41452
41452
41587
41272
41317
41119
41065
41164
40363
41299
41461
41506
40183
41515
41218
40786
41236
41578
41191
40102
41272
41326
41398
41650
40327
41569
40255
41596
40543
41137
41623
41254
41407
39931
40192
41407
41128
40363
41227
41542
40138
41740
41254
41758
41263
41389
41470
41083
40354
41578
41731
40219
41155
41560
41191
40201
41506
41362
41416
41416
41578
39994
41506
41560
41812
41488
40624
40984
41245
40075
39967
41254
41344
41344
41200
41371
41524
40111
41281
40102
41137
40480
41218
41335
40489
41317
41308
41956
41632
41569
41299
41290
41335
40075
41704
41785
41065
40183
41650
41668
41767
41335
41713
40534
41281
40192
41569
40237
41542
41398
41236
40381
42046
39895
41632
41452
41641
40138
41155
40237
41488
41254
41317
41470
41443
41263
41461
41488
41344
41650
41497
41236
40021
41506
40354
41452
41362
41344
41524
41443
41371
41281
41191
41416
41632
41578
41407
40129
41164
41182
41254
41047
41452
40021
41488
41623
41110
40669
41452
42019
41452
41380
41470
41416
41407
41452
41254
40066
41434
40975
40543
40552
41218
41236
40183
41254
41416
41380
41497
41371
41497
40282
41110
41092
41533
41191
40372
41497
41524
42064
41254
39985
41362
40903
41254
41299
41695
41497
41281
41191
40723
41866
41128
41380
41416
41146
41236
41641
41641
41371
40192
41605
41011
41362
42172
41533
41335
40831
41470
41380
41542
41371
40147
41650
40201
41578
41740
40174
41848
41227
41191
41227
41209
40561
39967
41416
41614
41272
41263
41164
41551
41488
41533
40768
41353
41326
41605
40246
40057
41344
41344
41227
41389
41389
41110
41587
41758
40030
40534
41425
41632
41461
40120
40210
41236
40030
41767
40201
40624
39859
41191
41038
41794
41245
40075
40813
41497
41335
41488
41218
41281
41164
41110
41380
41569
41200
41092
41623
40057
41587
41524
41416
39976
41416
39967
41515
41875
40795
41677
40102
40129
41371
41605
41380
41515
40723
41245
41218
40273
41614
41407
41380
41272
39940
41272
40390
40606
40039
41407
39895
40093
41569
41542
41362
40858
41209
41425
41173
41335
41344
41344
40975
41290
41191
41641
41038
41695
41605
40129
41182
41488
41461
41299
41146
41524
41272
41281
41551
41443
41191
41263
41236
41551
41218
41524
41686
41803
41479
40768
40984
41263
41362
41524
41452
41443
41371
41722
41299
41254
40075
41380
40642
41650
41461
41146
41290
42217
41092
41362
41362
41488
40012
40111
41299
41812
41551
40570
41299
41164
41326
40426
40651
40516
41632
41218
41623
41416
41587
41542
40120
41209
39940
41245
41533
40048
40129
41578
41326
41209
41326
39913
41623
41371
40534
41326
41416
40867
40912
41452
41254
41389
41146
41506
40138
41470
40183
41281
40192
41488
41803
41281
41416
41209
41443
40804
41533
41137
41398
41218
41281
41380
40273
41461
41110
41308
41209
41317
40228
40669
41254
41677
40453
41380
41515
41128
41398
39967
41272
41389
41371
41560
41281
40489
41560
41776
41515
41893
41002
40417
41452
41389
40597
40579
40804
41245
41326
41254
41326
41497
41506
41677
41488
41452
40246
41704
40030
41173
41263
41434
41416
40219
41398
41821
41371
41425
41506
41677
41200
41416
41443
41767
42046
41470
41497
41236
41731
41209
41335
41533
41524
41362
41254
41209
41245
41515
41245
41443
41830
41650
41308
40453
41227
41236
41272
41362
41344
41281
40318
41920
41560
41452
41434
40048
41686
40444
41389
41200
40966
41290
41335
41488
40399
41119
41155
41587
40192
41236
41290
40372
40948
40822
41794
41362
41515
41524
41506
40219
41704
41155
41434
39967
41371
40534
41686
40102
40498
40894
41362
40102
40696
41389
41344
40399
41353
41596
39895
41398
41362
41299
41686
41452
41335
41821
41317
41038
41542
40768
41290
40750
41137
40120
41245
41398
41542
41317
40192
41407
41317
41839
41434
41722
40174
41317
41353
41425
41443
41173
41614
40075
40093
41227
41398
40408
41290
41848
41884
40156
39877
41065
40975
41704
40498
41569
41677
41749
41542
40165
40327
41218
41830
41461
41353
39958
40201
41299
41209
41776
41596
41344
40075
41254
41191
40165
40795
41200
41065
41038
41317
41290
41344
41092
41641
41686
40111
41740
41722
41380
41146
41452
41029
41308
41425
41767
40282
41218
41371
41362
41524
40228
41416
41362
40084
41299
41560
41020
40309
41479
41344
40147
40039
41263
41551
41731
41371
41173
40174
41614
41587
41533
41227
41056
41623
41362
41632
41299
41272
41380
40561
41227
40894
40345
41551
41317
41758
41398
41164
40246
41884
41299
41155
39958
41560
41614
41200
41470
40156
41488
41695
41866
41317
41434
41326
41659
41245
41209
40498
41245
41155
41200
41353
41164
41452
40498
41263
41299
41407
41263
41830
41389
41164
41650
41443
41209
40867
41344
41533
40858
41362
41092
41479
41659
41614
39976
40147
41326
41641
41173
41335
39940
41578
41317
41587
40831
41236
41614
41182
41776
41191
41380
41506
40696
40984
41920
41398
41641
41290
41101
41263
41542
41263
41794
41362
39949
41173
41245
41542
41155
41695
41551
41299
41029
41461
41488
40228
40282
41866
41461
41452
41434
41209
41074
41461
40291
41308
41335
41641
41623
41128
41524
41056
41524
41506
41443
41533
41425
40192
41425
40282
41218
41380
41542
41353
41218
41155
41650
40525
41362
41128
40894
41227
41308
41353
41668
41848
40228
41245
41524
41461
41218
40219
41434
41551
41182
41533
41596
40165
40219
41542
41245
41290
41560
41362
41605
40021
41245
40759
41542
41452
41146
41686
41551
41245
40048
41668
41317
41443
40030
41434
41344
40390
41380
41434
41506
41578
40219
41983
40903
41380
41380
41623
41470
41218
40093
41425
40138
41380
40651
40057
41578
41281
41515
41416
39904
41740
41398
40822
41461
41758
40183
40489
41497
41389
41344
41470
40075
41884
40831
41299
40291
41470
40156
41317
40021
40768
40012
41452
41281
41551
41389
41380
41335
41632
39922
40255
41389
41695
41443
41245
41308
41443
40273
41479
41587
41497
41587
41470
41299
41650
41479
41434
41497
41461
42010
41254
41704
41596
39940
41443
41515
41254
41389
40489
41398
41452
41362
41803
41398
41425
41443
41290
41515
41650
41542
41407
41470
41254
40048
41731
41272
41515
39895
41164
40111
40093
40489
41326
41542
41497
40021
41479
41263
41407
40993
41245
41479
41695
41335
39994
41344
41254
40057
41830
41533
41776
41335
41407
40111
41308
41812
41470
41740
41335
41398
40462
41542
40309
41632
41326
41650
40759
41425
41479
41497
40219
41272
40993
41488
40516
41182
41155
41200
40282
41740
41056
41497
40777
41344
41461
41263
40372
40219
41587
41425
41236
41308
41389
40300
40120
41605
41236
41371
41191
41497
40120
42073
41587
41650
41551
41524
41164
39994
40390
40147
41407
41488
41461
41488
41335
41488
41218
40705
41290
40075
41272
41272
41497
41506
41812
39958
40885
41380
41479
41434
41299
41308
41110
41578
41488
41740
41191
41227
41209
41551
40075
41371
41200
41488
40147
41488
40813
40714
41425
41353
41209
41461
41218
41551
41299
41146
41605
41344
41614
41200
41407
41578
41551
41488
41353
41695
41488
41569
41281
41506
41398
41218
40309
41614
41758
41272
41380
41857
40201
41416
39985
41398
41074
41281
41407
41524
41029
41191
41353
41596
41785
41263
41434
41704
41956
41569
39967
41137
39940
41695
41362
41002
41218
41362
41227
41425
41425
40093
40066
41353
41362
41542
41353
41488
41353
41416
41443
41272
41623
40039
41281
41389
40102
41281
41326
40543
41173
41416
41497
41452
40282
40390
40138
41281
40372
41326
41317
40831
41407
41434
41452
40264
41263
41353
41254
40966
39985
41335
41470
40129
41461
40282
40156
41947
40219
41182
41389
41236
40669
41479
40309
41254
41272
41659
41461
41227
40147
40066
41209
41236
40174
41911
41533
41695
41047
41686
41407
40786
41515
41254
41578
41515
41398
40084
40147
41479
39913
41155
41236
41380
41344
41560
40021
40624
41434
41434
41074
41254
41425
39976
41407
41173
41821
41245
41299
40084
41461
41497
40156
41353
41542
41254
41317
41722
41389
41452
41506
41155
41326
41461
41713
41452
41641
41218
41650
41605
41209
41299
41488
41344
41200
41326
41254
41443
41263
40966
41362
41461
40750
41146
41308
39886
41416
40219
41632
41623
41740
41245
41119
41839
41614
41173
41497
41200
41164
40048
41524
41371
41380
41722
41128
39958
41587
41398
41416
41731
41182
41074
41236
41380
41461
41290
41497
41389
41497
41425
41623
41326
41254
41524
41299
40228
41236
41866
41218
40912
40948
41389
41983
41155
41848
41254
41425
41344
40120
41569
41650
41488
40660
40390
41470
40138
40228
41488
41281
41380
41362
41308
41380
41380
40462
41344
40111
41614
41470
40300
41875
40039
41164
41740
40075
41272
41398
41686
41137
41218
41119
41281
41416
41209
40012
41614
41839
41911
41416
40408
41353
42118
41317
41362
41380
41191
41470
41596
41389
41623
41173
41353
40165
40138
40327
40984
41200
40957
41299
41722
41263
40327
40192
41056
41875
41344
41308
41488
41848
40777
41497
40039
40714
41398
40138
41308
41686
41263
41308
40102
41227
41713
41470
41497
41920
40345
40345
41056
41749
41578
41173
41488
41578
41272
40768
41389
41254
40183
41821
40507
41056
41308
41380
41389
41281
40669
41173
41605
41209
41389
40174
41641
40498
41614
41326
41380
40966
41677
41317
40372
41155
40156
40795
41416
41902
40066
41506
41542
41560
40120
41668
41776
40138
41551
41398
40228
41569
41227
41074
41290
40012
41659
40156
40084
41578
41767
42091
41317
41092
41362
41047
42190
41038
39958
40183
41254
41263
41632
39985
41317
40066
40093
41380
41920
41380
41578
41425
41236
41173
40741
41065
40039
41308
41398
41290
41533
41587
41533
40228
41524
41398
40030
41092
41398
41227
41398
40048
40237
41200
41263
41902
41524
41524
41182
40102
41272
40579
41533
41380
41515
41362
40561
41164
40804
41416
41236
41209
41803
40642
41416
41443
40138
40687
41416
41731
40003
41443
41569
41065
41344
40606
39985
41407
40237
40111
41488
41416
41650
41290
41578
41344
41992
41551
40867
41290
41389
41236
41488
41452
41236
41713
41092
41434
41461
40012
40111
41452
41398
41200
41722
41254
41335
40642
41227
40048
41353
41470
41362
41128
40354
40048
41956
41371
41605
41551
41506
41407
41470
41101
41362
41254
41533
41308
41344
41344
40309
41164
41218
41191
40084
41434
41515
41317
41335
40336
41155
41731
41443
41326
41704
41290
41290
41434
41551
40291
40012
40165
40498
41641
41461
41641
41290
41182
41317
41335
41245
41758
39940
41344
41767
40039
41596
41398
41389
41416
41272
40228
41785
40318
41173
41308
41164
41578
41596
40660
40291
41317
41632
39949
41524
41353
41326
41551
41470
41515
40030
41506
41623
41452
40012
41749
41245
41380
41614
41272
41641
41353
41218
41272
42091
41479
40219
41290
41119
41551
41389
41380
39976
41704
41641
41326
41236
41362
40561
41308
41272
41713
40876
40183
41371
41740
41263
41623
41857
41551
41344
41218
40075
40111
39985
41416
41299
40759
41263
40597
39958
41506
41110
40111
41425
39967
41452
42064
41749
40147
40768
41407
41470
41299
41686
41614
41371
41596
41362
41254
40795
41155
42379
40156
40714
41110
41677
41398
40210
41092
41281
41227
41191
41371
41596
40111
41236
40219
41686
41119
41587
40246
41074
41218
41317
41443
41290
41425
41191
41299
40201
41317
41461
41524
41416
40975
41632
41407
41362
41362
41371
41623
41110
41434
40021
41362
41425
41686
41299
41218
41254
41353
41551
41587
41533
40048
41461
41443
41515
41767
41434
42019
41551
41776
40102
41047
40543
39922
41524
41299
40615
41623
40246
41308
41425
41254
39895
41191
40030
41155
41299
40624
41308
41290
40300
41425
41245
41191
41200
40570
41182
41497
41218
41317
41272
41263
41380
40318
41290
41578
41371
41263
41497
40480
40057
40057
41344
41461
41200
41191
41362
41344
41308
41560
40120
40390
41335
41758
41173
41236
41227
41425
41569
40732
41470
41182
41515
40651
40147
40102
41470
41488
40336
41362
41416
41272
41155
41488
41668
41461
40021
41245
40021
41812
41623
41488
41299
40057
41326
41290
41326
41299
41380
41533
41434
41731
41659
41614
41569
41236
41218
41434
41479
40183
40525
41380
41065
40516
41389
41407
41326
41020
41587
41497
41443
41146
41515
41155
41128
41452
41371
40030
41452
41245
41416
41236
41353
40201
40453
41524
41641
39994
41371
41200
41191
41218
41326
41182
40822
41308
40156
41245
41362
41650
41317
41578
40264
41452
41398
41506
40903
41488
41290
40264
41632
41641
41470
41236
41443
41200
40156
41245
41470
41479
41434
40084
40066
41344
41560
41470
40840
41281
41407
41335
41056
41056
41380
40102
40129
40228
39985
41452
41146
40255
41569
41434
40030
41416
41299
41569
41416
41515
41749
41362
41308
41371
41362
41236
41893
40291
41515
39985
40615
41263
41281
39922
41164
41398
40237
40390
41452
41290
41308
41362
40921
41992
41344
41596
41083
41596
41569
41443
41893
41812
41911
41515
41560
41407
40282
41479
41209
41578
40858
39976
41506
41587
41290
41389
41272
41344
41452
41272
40120
41218
41533
41335
41470
40165
39913
40435
41686
41398
41299
41245
40390
41317
41182
41353
41245
41245
41578
40516
39958
41389
40084
40102
40246
41317
41434
41506
41614
41047
41299
41569
41272
41398
40309
41524
41659
41254
41353
41398
41416
41425
41209
41299
41245
41488
40183
41479
40381
41542
41335
41686
41992
41407
41290
41317
41587
40138
41704
41443
41308
41380
41335
41326
40822
40246
41164
41731
41452
41164
40732
41479
41524
41686
40372
40192
41632
41281
40480
40165
41182
41731
41461
41686
40084
40948
40057
41326
41101
41677
41146
41434
41380
41407
41461
41137
40741
41380
40975
41452
39976
40057
41281
40939
41362
40102
41650
41245
41776
41146
41407
41209
41506
41272
40066
41191
41506
39868
40183
39994
41371
41074
40039
40120
39976
41731
41560
41263
41254
41281
41281
40138
41128
41488
41308
41254
40975
41524
41272
41038
41227
41596
40399
41317
41488
41317
41956
40291
40219
40066
41326
41812
41506
41146
41605
40264
41479
41416
41749
41101
40849
41344
41614
41569
41425
41290
40093
41434
40660
39985
41083
41236
41209
41452
41821
41290
40435
41686
40939
41461
40147
40093
41740
41326
41812
40084
41281
41398
41560
41011
41344
41029
41101
40516
41191
41173
41083
41236
41560
41443
41443
41677
41164
40165
41056
41551
40264
40210
41362
41488
41416
41443
40138
41083
41497
41416
41425
41299
41578
41371
41587
40057
41488
41542
41542
41542
41074
41434
41389
41137
41263
40165
41560
41425
39904
41146
41362
41659
41002
41650
41398
41380
41263
39967
41344
41290
41308
41272
41344
41434
41596
39931
40093
41191
41722
41254
41704
39994
41254
41776
40417
40624
41434
41281
41398
41470
40039
41902
41578
41317
41047
41380
41506
40822
41506
40012
39904
41272
41389
41677
41497
41425
41353
41236
41236
41713
39796
41245
41245
41074
41470
41452
41281
41326
41776
41443
41344
40669
41173
41209
41659
41443
41173
41443
41308
41596
41974
41470
41443
40588
39967
40147
41533
41371
41614
40174
41254
40372
41263
41443
41785
41632
41425
41254
41704
41254
39931
41335
41308
40354
40147
41596
41650
41542
41245
41209
41236
41371
41470
41281
41992
41371
41470
41506
41794
41686
41101
41416
41398
40921
41335
41515
40129
41335
41551
41704
40192
41533
41398
41587
40390
41479
41488
41281
41236
41668
41353
41497
40408
41317
39913
41335
41839
41344
41452
41722
41623
41200
41677
41164
41380
41353
41182
40210
41173
41407
41281
41434
41425
41497
41560
41398
41623
41290
41344
40831
39913
41767
40822
41596
41317
41272
40210
40930
40363
41182
41146
41452
41461
41308
40255
41344
41434
41299
41470
41362
41461
41596
41389
41344
41704
41353
40480
41470
41362
41128
41542
41596
41362
41389
41794
40093
41524
41245
41074
41470
41299
41551
40939
41389
40372
39985
40570
41425
41542
41524
41074
41308
41443
41200
41461
41443
40156
41299
41128
40363
41200
40939
40813
40129
41533
41632
41209
41290
41236
41362
41605
41506
41371
41389
41479
41389
41425
41308
41434
41146
40561
40579
41335
41740
41380
40813
41362
40561
40417
41479
40057
41272
41335
41362
41398
40057
41551
41191
41083
41650
40075
41272
41164
41128
41416
41272
41398
41398
41353
40741
41074
41434
41389
41695
41227
41164
41254
40282
41002
40984
41785
41308
41209
41470
40138
40273
41344
40336
41722
41227
40219
41326
41893
40039
40174
41560
41344
41398
41236
41740
41191
40228
41794
40228
41461
39994
41731
41137
41668
41497
41812
41344
41632
40093
41182
41560
41326
41452
40183
41173
41461
40165
41227
41542
41443
40300
41443
40399
41173
40966
41461
39967
40921
40201
41389
41758
40210
41659
41146
40705
41119
41542
40723
41353
41272
41128
41425
40291
41416
41371
41317
41272
41425
41587
40363
41569
41569
41191
41263
41416
41434
39940
41245
41695
41128
41308
40030
40876
41371
41362
41794
41605
41407
41074
41632
41155
41551
41650
41407
41533
41569
41650
41596
41335
41731
40597
41272
41668
41200
41308
40966
40147
41335
41236
41254
41668
41461
41335
41218
40282
41317
41272
41308
41443
39958
40237
40912
41200
40336
40516
40480
41875
41470
41191
40309
41650
40048
41758
40039
40165
41317
41326
41632
41281
41452
41317
41425
41641
40048
41209
41515
41263
41254
41335
41011
41416
41632
41380
40030
41326
40147
41245
41515
40147
40606
41452
41389
41119
41875
41308
41389
41308
40408
41281
41398
41785
41317
41110
41389
41569
41002
41137
40228
41389
41425
41137
40102
41299
41704
39958
41344
40030
41551
41218
41218
41470
40138
40228
41596
41470
41110
40084
41308
41578
41254
40012
41191
41686
40678
41704
41263
41146
41398
41290
40246
41452
41191
40264
39985
41569
41776
39940
41254
41353
41443
40048
41299
42127
41371
41380
41389
41587
41443
41236
41650
41470
41443
41308
40012
40579
41407
41659
39931
41623
40723
41056
40237
41434
40372
41290
41452
40012
41263
41344
39985
41488
41389
41389
41758
41587
41380
41218
40633
41416
41371
40291
41308
40291
40489
40156
41587
40282
41911
40201
39994
40192
41299
41191
40237
39976
40516
41272
41596
41236
41875
41767
41119
41848
41803
41416
41713
41848
41461
41587
41227
40957
41533
41326
41254
41020
41821
41605
41416
40993
41371
41110
41677
40768
41362
41623
41506
40795
40003
41290
40048
40309
41371
41398
41353
40597
41290
41353
40174
41398
40426
41452
41542
41308
40228
41497
41497
41326
41344
40246
41182
41299
41002
40102
41650
41272
41389
41362
41425
41425
41209
41479
41281
41542
41515
41569
41362
41515
40039
40066
41704
41587
41173
41245
40165
41551
41389
40291
41533
42154
41227
41749
41515
41425
41911
41317
41326
41209
41128
41308
41335
40876
41344
41182
41434
41488
41452
41236
40021
41191
41254
40759
41461
41353
40165
41542
41506
41326
41479
40975
41308
41344
40012
41434
41389
41353
41200
41569
41092
39958
41443
41524
41191
41173
41308
41470
40048
40714
41749
41182
41803
40552
41542
41281
39940
41236
41182
41380
41263
41794
41668
40228
40201
41803
41542
40795
40093
40183
40129
41326
41155
41299
41542
41281
41551
40210
40021
41551
41515
41110
40264
41245
41470
40534
41398
41317
40102
41371
40174
41299
41380
41263
41425
41515
40948
41533
41839
40633
41038
41452
41083
41353
41209
40633
41794
41443
41299
41632
41362
41587
41326
40228
41578
40030
41299
41335
41398
40624
41092
40327
41659
41380
41623
41029
41434
40147
41146
40057
40309
40264
41389
41794
40228
41146
41317
41434
40741
40003
41353
41551
41443
41272
41308
41182
41344
40039
41236
41263
41155
41290
41389
41254
40183
40246
40048
41155
39976
40309
40111
41398
41344
40228
40786
41317
40489
41011
41407
41614
41407
41326
40255
41533
40246
41488
41749
41632
41245
40363
41371
41362
41587
41335
41686
40939
41209
41380
41245
41191
41470
41416
41218
41605
40237
42037
41245
41353
41146
41614
41236
41227
41659
41479
41092
41398
41101
41416
41245
41272
41191
40174
41200
40318
41155
41506
41560
41254
41479
41209
41254
40993
41299
41551
41461
41290
41110
41065
41308
41335
41326
41434
41560
41767
41056
41677
40183
41389
41398
41353
40228
41416
40930
41353
41182
41092
41479
41497
41974
39949
41821
41650
41479
41749
41479
41056
42001
41812
41254
40741
41218
40993
41299
41191
40327
41434
41317
40471
41434
40057
41470
40111
41416
41650
41416
41893
41425
41641
40534
41128
41497
41227
41434
40210
41263
40192
40147
41380
41434
41281
40354
41443
40111
41524
41578
41344
41515
40048
41362
41326
41596
41263
41785
41434
40462
41227
41398
41290
41911
41191
41407
41587
41434
41497
41452
41308
39940
41290
41632
41371
40039
40183
41371
40039
41056
41533
41470
40930
41398
40021
41362
41227
41461
41812
41299
41605
42127
41668
41560
41668
41263
41434
39976
41758
41497
41398
41731
41254
40435
41443
41452
41281
41479
40120
40084
41524
40777
41209
41353
41272
40030
41560
41155
41182
41317
41506
41515
41488
40183
41281
40471
41362
40165
41272
41452
41092
41317
41893
41245
41263
40561
40165
40012
41857
41695
41560
41821
41425
41317
41344
40165
41272
40723
41317
41101
41065
40948
41434
40471
41380
41587
41551
40687
41461
41362
41128
40084
41614
40750
41578
41371
41254
41182
40345
41479
41425
41515
41335
41767
41596
41182
41227
41434
41389
41731
41191
41191
41344
41290
41497
41488
41452
40039
40921
39994
41335
41677
40345
41254
41254
41731
41191
41605
41416
41335
40057
41317
41560
41497
41263
41479
41245
41533
40012
40129
41344
40129
41623
41884
40075
41560
41713
41308
41479
41272
40408
42019
39895
41263
41506
40084
41506
41893
41335
41560
41416
41218
40174
40120
41389
40174
40354
41722
40264
41605
41227
41452
41452
41308
40273
41362
41308
41551
41371
41389
40012
40615
41596
41785
41857
41551
41344
40084
41119
41128
41488
41128
41263
41722
41488
41218
41515
40354
41371
41272
40174
41776
41200
41497
41695
41344
41479
41335
41056
40264
41506
41974
41362
41209
41614
41533
41182
41551
41191
41290
41263
40075
41407
40156
41407
41173
41452
40075
41254
41200
41650
41749
39886
41857
41524
39958
41551
40165
41443
41578
41443
40903
41245
41344
41218
40039
40786
41281
41146
40498
41578
41668
41461
41326
40129
41479
41596
41371
40930
41407
41254
40174
41515
41308
40192
41326
41299
41452
41200
40579
41317
41146
40993
41524
41119
41425
41263
40147
39994
41524
41119
40435
41488
39985
41245
41362
40030
41668
40858
40264
40120
41497
41533
40030
41308
39931
41362
41101
41452
41677
41362
40552
41749
41497
41542
41263
41326
41335
41227
41506
41200
41335
41452
40327
41443
40003
41317
41614
40849
41281
41425
41578
39976
40408
41524
41398
41119
41380
41074
41236
40327
41047
41578
41236
41245
41353
40129
41371
41047
40759
41335
40066
41317
41335
41065
41344
40192
40561
40921
41641
41389
41353
41407
40678
41029
41344
40975
41587
41299
41443
41551
41704
41263
41281
41470
41236
41317
41263
41389
41434
40210
40750
40669
40471
41101
41497
41641
40804
40840
41227
41335
41614
41155
41668
41290
41344
41344
41326
41650
41281
41110
41254
41362
41344
41092
41839
40840
41182
41479
40129
41578
41200
41515
41326
41758
41083
40417
41641
41416
41281
41470
41209
40210
41668
39940
41740
41344
41551
41461
40876
41407
41668
40120
41740
40129
40237
40282
41416
41407
41479
41371
41623
41614
41200
41137
40264
41758
41695
41200
41425
40039
41515
41380
41380
41695
41164
41416
41290
41515
41443
41155
41299
40039
41335
40543
40714
41407
41452
41335
40156
41659
41956
41326
40030
41848
40057
41407
41308
41344
41461
41722
41227
40066
40138
40876
40939
41245
41164
42010
41317
40426
40462
41434
40003
41497
42271
41137
41047
41461
41470
41524
41425
40030
41533
41650
41506
41119
40444
41335
40633
41776
39940
41380
41695
40327
41380
39985
41389
41524
41416
41407
41560
39949
41281
41371
41290
41245
40759
40237
42028
41407
41218
41470
40192
41650
41497
40786
41506
41389
41182
41497
41803
41263
41452
41371
41452
41668
41443
41353
41092
39886
41479
41317
41227
41065
41470
40354
41353
41308
41245
41272
41479
41191
40597
41479
41191
42037
41101
41452
40039
41155
40102
40111
41380
41164
41299
41371
41155
41299
41497
41353
41200
41605
40804
41317
41677
40489
41245
41623
41119
41299
41146
40138
41470
41362
41515
40804
41281
39976
41614
41605
41362
41308
41299
41659
41416
41299
41353
40237
41623
40048
40075
40759
40255
41560
41254
41191
41542
40147
40030
41065
41425
41272
41371
41443
42334
41254
41308
41308
40741
41254
41470
41389
41425
41767
40084
41335
41497
41335
41227
40408
41335
41398
41470
40138
41839
41182
41434
41056
41029
40966
41380
41587
41245
41371
41722
40480
41227
40507
40633
41380
40084
41497
41137
41560
41650
40858
41227
40372
41344
41704
41335
41218
41137
41326
41326
40813
41695
41407
41128
41182
40156
41488
41299
41290
41236
41362
41533
40444
41245
40201
41254
40093
41740
41335
41308
41542
41119
41551
41497
41614
41380
41686
39940
41209
41272
41434
41596
41308
40408
41335
40039
40075
39895
40354
41605
40156
41074
41281
40804
41353
41488
41551
41056
41245
41551
40624
41425
40138
41452
41623
40948
41362
41092
41461
40039
40021
41470
41497
41524
40300
41551
40795
41848
41380
40309
41830
41119
40138
41335
41353
41227
41164
41740
40102
40120
41326
41425
41461
41686
41506
41479
40120
41065
40102
41461
41641
41749
41614
41227
41677
41371
41299
41569
41344
41596
40714
41524
41389
41875
41290
41524
41173
40687
40003
41524
41164
41218
41407
40075
41407
41110
41281
40138
40210
40345
41299
41389
41641
41335
41650
41380
39931
41461
41461
41299
39958
40318
40003
41254
41650
40705
41461
39976
40768
41524
41794
41119
41272
41227
41182
41731
41371
40822
41362
41425
41632
41056
41578
41632
41506
41173
40219
41506
40192
41425
41101
41164
41425
41425
41767
41155
39958
41488
41605
41155
42073
41488
40183
39967
41308
41506
40381
41191
41470
41353
40534
41542
41416
41911
41236
41173
41308
40021
41227
41290
41299
41344
40786
40129
41236
41506
41668
41578
41641
41443
41299
41497
40066
41425
40849
39868
41344
41137
41524
40687
41362
41668
41245
41344
41128
40588
41362
41146
41353
41074
40048
41668
39895
40111
41308
41074
41506
41560
41434
41200
41524
41389
41200
41326
41452
41209
40030
40804
41758
41092
41470
40336
41425
41200
41398
41848
40786
40210
40849
40489
41488
41362
41353
41263
41218
41911
41380
41515
40183
41317
41344
41335
41668
40849
41308
41272
41281
41722
41317
41155
41506
41326
40561
41533
41164
41578
39967
41182
40039
40417
39985
40300
41515
41182
41380
41632
40156
41362
41416
41443
40102
41272
41182
41371
41344
41272
41515
42334
41290
41668
41542
40066
41254
41254
41236
40444
41047
41101
41137
41326
41380
40021
40309
41299
40498
40075
41371
41137
41533
41389
40102
41524
41299
41344
40201
41137
41317
40840
41551
41569
41218
41344
41317
41398
41524
40084
41182
41092
41344
41596
41497
41047
40390
40804
41308
41182
40057
41290
41497
39958
41893
41470
41380
41389
41218
41506
41479
41362
41560
40111
41362
41227
41200
41677
41362
41605
40291
41398
41200
41569
41425
41398
40300
41245
41398
41479
41326
40138
40012
41497
41614
41569
41191
41533
41380
40165
41938
40165
41623
41632
40147
41731
41227
40579
41452
41578
41245
40534
41344
40228
41587
40354
41569
41389
40111
41164
41587
40615
40804
41560
40462
41119
41281
41146
40066
41461
41119
41479
40219
40516
41452
41677
41308
40219
40282
41668
42046
40615
40363
41317
41380
41416
41353
41470
41731
41101
40255
41227
41155
41776
41632
40273
41560
41632
40561
41614
41389
41443
41407
41065
41011
40183
40021
41533
41173
40183
41380
41335
41182
41452
40768
41569
41461
41371
42451
42037
41560
41029
40345
41488
40534
41227
41083
41317
41416
41101
40048
41002
41542
41308
40255
40759
40057
40318
41074
41488
41488
41146
40111
41470
41488
41254
41398
41605
41326
40111
41596
41668
41236
41209
41470
41443
41434
41209
41290
41164
41209
41488
41578
41371
41101
40012
40372
40426
41542
41290
41155
41569
41398
41686
41164
41506
41236
41578
41425
41191
40300
41263
41560
41173
41533
40300
41587
41578
41713
41380
41227
41362
41020
41020
41632
41362
41542
41119
41200
41596
40030
41002
41245
40075
41002
40219
41254
41164
41515
41308
41146
41227
41326
41443
40255
41299
41218
41425
40039
39985
41353
41614
41380
41920
40921
41596
41137
39940
41110
41722
41398
40624
41092
41137
40534
41695
41281
41443
41371
41308
41416
40039
41164
41569
41740
41353
40327
40651
41218
41326
41236
41263
41731
41416
41605
40138
41398
41695
41236
41389
41236
41074
41803
41245
41398
41245
41290
41758
40246
40687
40129
41146
41245
41191
41119
41551
41218
41155
41281
41335
41416
40057
41272
41461
41416
41119
41848
41272
41929
41785
40975
40957
42199
41353
41659
41317
41506
39922
41704
41389
41065
40138
39958
41326
41434
41425
41479
41380
40408
41164
41425
41497
41308
41335
41362
40174
41668
41740
41614
41245
41155
40381
40246
41380
41497
41704
41578
41317
41479
40426
41389
41497
41362
41119
41632
41776
41056
41695
40390
41461
41317
40093
41434
41569
41092
40147
41083
41353
40831
41677
41848
41047
41470
40129
41137
41416
41578
41389
41326
39985
41596
41218
40336
41569
41317
41308
41443
41506
41425
41308
40075
41704
41335
40750
41308
40336
41506
40750
41362
41542
41182
41425
41497
40030
41254
41578
41650
41452
40354
41938
41227
41605
41677
40795
41308
41425
40210
41506
41056
39985
40246
41371
40039
41623
41470
41398
41524
41443
41236
41245
41650
41200
41371
41470
41245
41722
39949
41929
41650
40084
40138
40210
41857
41713
40147
41182
41371
41380
41281
41308
40183
40048
40021
40246
41191
41272
41398
40768
41317
41362
41911
40156
41182
41614
40345
41326
40201
41299
41353
41092
41191
41407
40228
41443
41281
41506
41344
41191
41686
41452
40597
41722
41389
39976
41362
41605
42037
41110
41362
41425
40318
41191
40129
41119
41371
41470
41272
41263
42307
40147
41434
41263
41578
41452
40219
41749
41425
41317
41119
41497
41164
41659
41326
41551
41542
40453
41479
39985
41569
41335
40885
41839
41551
41335
41479
41605
41902
41542
41443
40201
40498
41389
40048
41605
41434
40165
41380
41461
41236
41497
41731
41677
40129
41290
41011
41335
41470
41272
41938
41695
41686
41452
41371
41164
41065
40831
41326
41371
40507
40804
41560
40372
41632
41353
40066
41191
41326
41326
40507
40282
41290
41605
41398
40399
41614
40039
42019
41299
39931
41263
41461
40615
41443
40309
41002
41650
41560
40048
41605
41722
41272
41029
41533
41587
41254
41353
41740
41497
40039
41551
41506
41155
40201
40525
41335
41353
41245
40642
41425
41416
40021
41506
40165
41236
40291
41101
41308
41200
41227
41245
41398
40093
40732
40255
41380
41515
41299
41740
41092
41461
41326
41623
41407
41335
40219
40165
39967
41425
41623
41452
40336
41497
41236
41515
41641
40192
40831
41227
40390
41488
41200
41425
40147
41542
41434
41299
41245
41272
41290
41434
41254
41425
41263
41578
41137
39832
41065
41596
41272
40876
41326
41740
41074
41875
40849
41272
41488
41443
40561
41272
41578
41650
41479
39958
41632
41389
41398
40930
41443
41362
41659
40255
41092
41218
41326
41200
41803
41416
41209
41155
41506
41281
41380
41677
41371
41236
40345
40300
40957
41668
41542
41281
41254
40264
41029
41524
41200
41407
41290
41272
41200
41290
41533
41344
41263
40030
41605
41191
40246
41524
41623
40120
41398
41272
41074
41785
40120
41452
40291
41146
41434
41191
41263
40372
41452
41353
41524
41326
40048
40435
41308
41416
41263
40309
41290
40849
41245
41317
40471
41362
41074
39967
40147
41164
40210
41236
41380
41425
40876
40030
40804
41398
41452
41434
41335
41416
41407
41218
41488
40228
41416
41776
41326
40282
41506
41605
41587
41344
41443
41074
40867
41497
41641
41470
41182
41281
41254
40885
40048
41668
41254
41308
41677
41461
41389
41650
41452
41407
41668
41353
40057
41686
39967
41416
41191
39958
40327
41380
41308
41164
40498
40255
40309
39868
41551
41488
41272
41308
41272
41281
41362
40084
41875
41218
41281
41218
41299
41092
41731
41263
41335
40147
41254
39976
39949
41191
41344
40435
41236
40075
41164
41263
41344
40525
41443
41146
41371
40255
41038
41038
41155
41470
41353
41173
41191
41272
40669
41740
41272
41461
41506
42100
41497
39958
41542
41524
41389
41452
40273
41533
41245
41209
41236
41659
41443
41335
41515
41263
41434
41434
41461
41434
41533
41461
42037
41002
41416
41362
41524
40201
40642
40138
39895
39895
40795
41155
41317
41335
41209
41569
41641
40246
41353
40174
41434
41623
41326
41389
41515
41344
41371
41740
41371
41362
40066
41560
41830
41299
41317
41443
41146
41623
40138
41560
41299
41443
40318
40363
41767
41461
41281
41389
41407
40012
40273
41299
40417
39940
41173
41740
40120
41434
41461
41128
41812
41596
41011
41353
41281
40912
41416
41164
41263
41497
41416
40156
40228
41209
41632
41209
41398
41443
41272
42028
40147
41200
41407
41281
41587
40255
41596
41740
40894
41533
41263
40462
41380
41479
41272
40219
41164
41056
41812
41200
41227
41443
40471
41020
41317
41641
40435
41335
40012
39922
40021
40345
41344
40786
40660
41614
41551
40003
40201
41200
41353
40705
41542
41560
41785
41704
41065
41479
41362
40912
41344
41353
41065
41200
42019
41605
41317
41578
41362
41587
41002
41560
41605
41236
41425
40111
41479
41515
41578
41380
40876
41578
41290
41659
41353
41587
41506
41101
41434
41443
41524
40930
41677
41209
41515
41407
40228
41200
41416
41362
40228
40210
41506
41263
42064
41362
40183
41299
41407
39994
41497
41722
41209
40345
41605
41263
40183
41263
41308
41335
41227
41839
39931
41866
41218
40318
41254
41236
41470
41380
41281
41371
41416
41200
41605
39994
41578
39949
41245
41524
41182
41281
41092
41182
40174
41659
41479
41326
41308
41578
41074
41407
41056
41767
41389
40138
41470
41263
41623
41299
40714
40237
41398
40480
41587
41353
41317
41650
41371
41569
41299
41281
41524
41578
41353
41245
41722
41542
41506
41416
40912
41299
41956
41173
41164
39967
41407
41479
41758
41470
41596
40228
41245
41668
41596
40291
41551
41434
40957
41668
41290
40183
40057
41290
41227
41335
41542
41335
41353
40975
41326
41749
40075
41128
41407
41596
40039
41281
41614
40804
41209
40570
40237
39922
41569
40174
41551
41677
41443
41353
41524
41371
41668
41038
41299
41380
41830
41326
41596
40543
41407
41497
40066
41128
41182
41380
41398
41308
41344
40516
41074
41623
40336
41614
41227
40840
41245
41056
41416
41434
41362
39949
41668
41434
40552
41074
40021
40300
41551
41155
41569
41452
41695
41317
41380
41713
41344
41065
41173
41434
41425
40777
41371
41128
40003
40561
41173
41839
41560
41569
41479
40111
41227
41083
41524
40138
41668
41686
41308
41074
41533
41101
41227
41209
42037
41857
41443
41101
41380
41839
41353
40291
41542
41272
41434
40030
41425
41776
41335
41605
41281
41308
41236
41389
40102
41479
41416
41236
41641
40489
41569
41236
41317
41344
41479
40156
40408
40183
41542
41281
40084
41659
41263
41623
40183
41668
40102
41668
41209
41371
41488
41569
41056
41506
41668
41371
41740
41353
41470
41362
41677
41605
40516
41452
40687
41353
41263
41821
40111
41434
41155
41668
41344
41209
41002
41083
41605
41281
41632
41515
41353
40579
40057
41515
40381
40021
41425
41110
40867
41569
41317
41344
41821
41407
41227
40984
41353
41686
41488
41659
41317
41560
41371
41623
41353
41353
41308
41209
41101
41407
41542
41200
41290
41551
41380
40858
41569
41452
41227
41506
41470
41524
41434
41281
40975
40093
41164
41560
40165
41389
40003
41659
41389
41416
41452
40588
41452
41794
39985
41605
40039
41092
40426
41227
41020
40012
41893
40264
41182
41758
41407
41218
42073
41290
41245
41389
39967
41281
41398
41191
41479
41668
41326
40525
41209
41677
41767
41362
41218
41227
41083
41191
40363
39967
40192
41227
41479
41281
41650
41497
41119
40237
41263
41353
41191
41479
41200
41452
41200
41344
41407
41344
41407
41623
40111
41362
41722
41218
41542
41470
41227
40525
41542
41299
41236
41641
41254
41299
41479
41344
41218
41758
41587
41344
41749
41389
41578
41542
41272
41587
41335
40363
41398
41281
41326
41209
40165
41236
41299
41119
40003
41758
41506
41506
40183
41650
39985
41218
41371
41353
41533
40516
41569
41227
41587
42100
41371
41578
40417
40426
41380
41299
41371
41596
39895
40786
41002
41380
41461
40759
39994
41506
41533
41497
40246
41335
41038
40372
41659
41695
41065
40102
41137
41092
41128
40048
41515
41452
40111
39967
41155
41317
41281
41335
41254
41308
41326
40390
41380
40795
40021
41191
40201
41623
41434
40795
41344
41524
41452
41326
41380
41749
41515
41839
42208
41524
41173
41191
40705
41524
41443
41146
41362
41218
40102
41803
40048
41245
41416
40345
41308
41326
41047
41479
41443
41443
41272
40741
41002
41533
41038
41245
41740
41623
40354
41074
40381
40903
41209
41326
41488
41191
40318
40084
41335
41281
41254
41344
41119
40345
41569
41659
41713
41488
40030
41578
41677
41695
41794
41623
41533
41290
41335
41371
41389
41488
40606
40993
41443
41542
41407
41119
39967
41146
41425
42091
40075
41794
41308
41245
41290
41218
41380
41272
40588
40075
40030
41578
41353
40147
41209
40147
41164
41848
41623
41218
41227
41299
41668
41380
40102
40678
40093
41596
41308
40345
41263
41389
41551
41200
41596
41605
40273
41479
41668
41362
41506
41272
41164
41236
41425
41452
41470
40696
41425
41578
41632
41560
41380
41164
41362
41209
41245
41299
41335
41353
41290
41434
41128
40093
40678
41614
40201
41236
41038
41254
41335
41263
41011
41380
40795
41191
41299
40300
39976
41146
41182
41218
40120
41533
41515
41569
41470
41488
40768
41407
40948
41470
40309
41254
40363
41380
40660
41425
41776
41344
41533
41362
41470
40048
40156
41344
41749
40372
41254
41425
41560
41344
41479
41704
41389
41362
41407
41623
40309
41083
40138
40138
41524
41398
41659
41587
40048
41452
41614
41353
41236
41740
41452
41425
41317
41308
41281
41434
41416
41767
41227
40210
41263
40039
39994
41515
41956
41407
41443
41029
41488
40183
41065
41353
41056
39976
40264
41353
41578
41326
40192
40111
41272
41416
41407
41776
41479
41299
41344
41524
41488
41857
41461
41344
41596
41245
40777
41587
41308
39949
41794
41641
41416
41326
41461
41236
40705
41407
39994
41452
40876
42307
41515
40075
40426
41560
41677
40129
41353
41920
41119
41578
40291
41353
41290
39967
41407
41254
41488
41164
41398
41470
41137
41794
39994
40993
40435
41416
41461
41875
40093
41317
41245
41551
41371
41335
40588
41434
41317
40291
41425
41434
41461
41380
40723
40912
41353
41263
41254
41362
41407
41425
40084
41308
41380
40471
41479
40066
40210
41290
40804
41110
40120
40075
39994
41236
41200
41551
41776
41398
41272
41209
41641
41434
41335
41587
41290
41218
41254
41497
41524
41632
39940
40957
41299
41929
41416
40093
40084
41173
41497
41398
40120
41029
41479
41263
41119
41128
41614
41371
41416
40786
41290
40219
41344
41245
41470
41209
41200
41191
40669
41182
40462
41263
41497
41353
39967
41461
41191
41650
41875
41551
41506
41371
41740
41164
41416
41398
40030
41209
41281
41398
41380
39976
41893
41515
41335
41578
41254
41209
41128
41470
40012
41326
41317
39985
41254
41533
41479
40822
41452
41560
40183
41272
41407
41722
41641
41155
41173
41902
41956
41407
41317
41524
41236
41416
41083
41290
41605
41101
41497
41353
41542
41290
41299
41299
41596
40210
41497
41245
40885
41245
41578
41749
41272
41353
41308
41650
41326
41587
41452
40660
41488
41290
41290
41344
41416
41353
40687
41344
40066
41263
41389
40066
41659
41551
40417
41560
40165
40372
40849
41209
41209
41227
41803
40147
41182
41290
41344
39940
40192
40453
