25659
25200
25236
26325
25407
26424
25920
24966
25290
24975
25074
24993
23796
25533
24957
24192
24840
25776
25560
24606
25020
25587
25272
24615
25776
25875
25650
26424
24453
26271
24660
25380
26172
25470
25407
24633
26487
25263
24705
24183
25704
26010
25335
26451
25641
24795
25614
24102
25164
24642
25812
24633
24804
26235
24444
24444
25488
24903
25254
24120
25308
25443
24966
24678
24867
25407
25515
25353
24822
24993
25119
24786
24318
25533
24795
25029
25434
25398
24696
25533
25281
25380
25650
25632
25929
25011
25632
24723
24282
25056
25533
25659
25263
24696
25560
25407
25083
24831
24588
25551
25398
24534
25110
25128
25506
25227
25731
25353
24390
25371
25308
25389
24840
24678
26010
25974
25344
24219
25569
25452
25578
24444
24678
24462
25209
24678
24687
25407
24831
25155
26253
24813
25281
24732
24786
24471
24057
25227
26361
25542
25731
25974
25038
24876
24840
25398
25389
25209
24786
25668
24642
25389
25488
25929
25587
25164
25497
25137
24489
25794
25605
25119
24804
24579
25200
25101
25011
25551
25569
25173
25083
25254
24795
25740
25443
25533
26019
24543
24903
24948
24975
24372
24732
25299
25506
25434
25029
25029
25776
25056
25830
25146
24786
24768
24714
24741
25434
25155
24534
25254
24705
25182
25479
24849
24687
24921
25272
24993
24507
26235
25443
25344
24300
25056
26055
25389
25020
24741
25038
24633
24894
24957
25983
25488
25605
25614
25731
24507
25218
25767
25227
24732
24345
24399
25092
25416
24435
25542
24543
24228
25569
25479
25164
25605
25020
24804
24453
25515
24642
25551
24192
25398
25911
25578
25020
26262
25992
25245
26172
24876
25668
25182
24957
24912
25056
24444
24921
25650
25173
24984
24840
25083
25722
25488
24111
25227
25389
24615
26244
24705
25461
24057
25479
25830
25524
25137
25470
24624
24345
25128
25875
24903
25992
25614
25578
25119
25875
26271
25893
25020
25497
25263
24948
24786
24948
24426
24840
25308
25326
25596
24633
25083
24795
25182
24291
26001
25794
24633
24453
25317
24948
24588
25263
24678
25119
25047
25074
24093
25839
24219
26091
25740
24786
25758
25650
26073
24768
25524
24741
24930
24840
25470
24894
25344
25020
25605
24462
25056
25290
24822
24786
25209
25731
24930
25380
25929
25065
25497
24732
25983
25560
25731
24858
24237
25623
25254
25146
25362
25029
25668
24768
25245
24309
24759
24390
24696
25677
25551
25866
25920
24417
24597
24399
25740
25659
25119
25128
25146
24588
25236
25425
24255
25524
25353
25560
25065
25380
24831
24750
25407
