24228
25092
24588
24453
25200
23589
24219
25146
24219
24642
24372
24264
24021
24084
24534
24048
23742
24426
24048
24561
23886
25245
24075
25461
23940
23769
24075
24264
25353
24588
23940
24381
24237
24912
24687
25029
24867
23589
24741
24318
24093
25029
24543
24498
24444
25101
24813
25371
23931
24300
24930
24867
24273
24525
23796
24363
25848
24669
25929
24750
24669
24741
24030
24471
24210
24399
25911
24462
24822
24372
24687
23877
24543
24669
23985
24750
24318
24408
24183
24723
23994
24381
24597
24795
26253
24111
24777
25191
24840
24030
24597
24471
24183
24633
24237
24345
24795
24435
24615
24525
24372
25416
24606
25542
24885
24597
24750
24327
25389
24885
24390
24444
23895
24750
24462
24795
23868
24255
24471
24957
24507
24381
24282
23985
25083
24093
23931
24534
24255
24498
23904
24192
23562
24012
23922
25119
24246
24381
23688
24714
24489
24417
24642
23958
24147
23994
24570
24543
24426
24633
24021
24309
24660
23940
24993
24435
24633
24741
24840
24426
23976
24282
24849
24084
24795
24570
24948
24579
24327
24264
24534
24939
24237
23967
23823
23913
24588
24336
24894
24462
24750
25506
24318
24453
24822
24102
23769
24633
23769
24417
25137
23877
24399
24291
24669
24777
24759
24471
25272
24804
24633
24174
25101
24426
24903
24345
24048
24687
25164
23913
24003
25308
24228
24768
24633
24327
24633
24732
24336
24516
24156
24489
24327
24255
24435
24597
25398
25083
23652
24399
24480
24381
23922
24165
23886
23544
24129
24399
24057
24426
25425
25002
24786
24129
24543
25038
23805
24093
24444
24867
25110
24066
24453
24210
26109
24822
24192
24669
25074
25623
24795
23994
24939
24615
24183
24606
24192
24687
25830
24822
24003
25398
24183
25461
24453
24759
24372
24426
24372
24390
24048
25398
24723
25272
24264
24957
24903
24111
25353
25101
23895
24030
24291
24741
24543
24579
24921
23967
24363
24147
24183
25137
24633
24876
23679
24840
24219
23805
25434
24255
23751
25443
24408
24624
24210
24084
24174
24129
24444
24345
24660
24507
24048
24615
24165
24444
24525
24345
24336
24129
24597
23958
24426
25587
24273
24228
25119
24336
23922
24264
24030
25326
24012
24282
24993
23877
24606
24678
23697
25038
25002
24327
24867
24120
24444
24777
24543
23931
24822
24381
24489
24867
24246
24300
25083
24570
23868
24606
24975
23877
24435
24264
23886
25092
24930
24183
24462
24579
24606
24867
23985
23643
24525
24417
24876
24399
24552
23733
24597
23985
24174
24255
25254
24219
24165
24732
25389
24354
24804
24678
