23499
23931
23643
23697
24399
23625
23985
24273
23967
24543
24498
23670
24804
24381
24327
24048
23661
24525
23904
24084
24129
23679
24219
24048
24138
24363
23526
23571
23796
24156
23796
24057
24165
23580
24588
24093
23814
24921
23976
24228
24201
23886
23940
23715
24030
24282
24570
23382
23805
23337
23715
24750
23904
23715
24354
24120
23373
24021
24705
24588
24273
24012
23751
24219
23796
23688
23904
23967
24768
24426
23346
24246
24012
23850
23904
23229
23976
24192
24129
23715
23985
24300
24381
24228
24192
24003
23850
23787
23940
24021
23580
23868
24030
23760
24804
23931
23688
24534
23688
24102
23742
24264
24084
23634
24309
23715
23580
24300
23814
23949
23643
24435
24021
24444
23715
23958
23886
24066
23499
24606
23724
23409
24363
23904
23571
23787
24219
23778
23814
24678
23661
24426
23607
24597
24228
23436
23868
24093
23751
24147
25029
23706
24111
23886
24588
24543
24768
24471
23751
23913
24354
23949
24048
23841
24543
25110
23130
24453
24687
24507
23382
23742
23859
24750
24660
24201
24192
23769
25164
24129
23877
23724
24030
23751
23976
23715
23922
24354
24021
24867
24111
24426
24777
23949
23625
23940
23337
24408
24120
23859
24111
24084
24516
24561
24561
24084
24849
23778
23625
23751
23418
24021
23328
24183
23742
23625
24345
24228
24012
24651
24030
23931
23949
23751
23661
23967
23850
23994
24489
24003
24219
24291
23832
23616
23922
23949
23130
24255
23796
24183
24129
24147
23661
24147
24111
25101
23931
23310
23859
24408
23922
23967
24714
24354
24867
24597
24327
24147
24714
24165
24849
24048
24048
23778
24129
23382
24345
24048
24822
23958
24084
24138
24291
24102
24399
23877
24525
24507
24759
23373
23715
24381
24309
23652
23886
24084
23724
23670
23742
23751
23472
24480
24804
23751
23922
23868
24318
24462
24489
24615
24354
24201
24624
24651
24255
24714
23634
23625
24543
23814
23499
23850
23994
24417
23976
24237
24516
23463
24435
24228
24147
23247
24363
23589
24156
24084
23742
24282
23904
24066
24336
24687
23670
23805
23940
23787
23814
23724
24138
23913
23796
23661
23526
23733
23778
23751
23886
24579
23958
23841
24003
23742
24291
24057
23787
23904
23949
23787
24336
24021
24030
24102
23634
23994
23985
24264
24255
24291
24219
23733
24390
24471
23850
23940
23778
24264
23841
23751
24075
24750
23445
24471
24651
24300
24678
24390
24543
23841
23949
23805
24318
24291
24264
23688
24714
23310
24273
24336
24255
23670
23850
24183
23688
24822
24021
23814
23805
23517
23787
23697
