24147
23769
23886
23706
24687
23931
23823
24246
23976
24201
23328
24408
24048
24282
23886
24219
23715
23778
23931
23625
24012
23760
23841
23904
23931
23616
23886
23805
24174
24264
23355
23994
24210
24156
23949
23607
25038
24066
24066
23535
24255
23805
23814
24444
23616
23670
24147
23814
23418
24057
24255
24192
23958
24543
23400
23787
23931
23598
23922
24480
24012
24282
24021
24678
24066
23652
23742
23499
23814
23436
23679
23580
23454
23769
24381
23949
24291
24057
23751
23364
24507
23931
23922
23769
23895
23787
23949
24615
23355
24075
23598
23805
24174
23454
23958
24174
24957
24363
23454
23229
23400
23742
23535
23823
23913
23823
24120
24534
23841
23976
23175
24138
24003
23310
23742
24156
23904
24615
23499
24453
23607
23886
24264
23877
24003
24282
23733
23976
23733
23787
24264
23652
24336
24093
24219
24399
23796
23778
23994
24453
23499
23733
24309
24408
24255
24588
23490
23607
23571
23868
24732
23508
23391
23661
24687
24246
23949
25029
24030
23688
23688
23688
23373
24696
24471
23805
23895
23886
24300
23292
24264
23724
24408
24363
25083
23868
24471
24336
24381
23931
23877
23103
24138
24192
24156
23886
24012
23706
24129
23751
23733
24345
24345
24048
23688
23787
24318
23886
23733
24498
24192
23508
24345
23841
23958
24201
25083
24192
24363
24255
25227
24984
24723
23085
23508
24138
23814
24120
23634
23571
23823
23580
24840
23526
24777
24201
23607
23679
23571
23805
23823
24273
24120
23625
24210
24228
23769
24633
23697
24183
24255
24390
23715
24237
24489
24255
23310
24129
24408
23679
23742
24048
24588
23454
23670
24498
23886
23940
24354
23688
24012
23814
24228
23886
23571
23760
23418
23697
24516
23589
23706
23967
23634
24147
23805
24219
23652
24273
24579
23868
24003
24012
24768
24408
23454
23877
24210
23868
23985
23535
24381
23706
24030
23805
23877
24084
23697
23625
23796
24498
24705
23616
24876
24183
24372
23814
24039
24192
24003
23634
24012
23760
24174
23436
23634
24156
24858
24462
24399
24354
23697
23715
23436
23661
23625
23454
24039
23679
23940
23877
23895
24507
23949
23841
24570
23913
24030
24444
23697
23733
23616
25137
24561
24138
24030
23670
23652
24093
23868
23958
24237
23760
23706
24435
23949
23733
24093
23742
24039
23832
23886
24201
23895
24012
23895
24228
24327
24453
23958
24723
24183
23796
23400
24102
23823
24255
24066
24165
23670
24156
24111
24057
24030
23778
24120
23841
23769
24003
23418
24525
24381
24678
24327
24777
23769
23859
23463
23634
23904
23706
