23724
23841
23985
23823
23832
23409
23247
23769
23409
23463
23040
22815
24174
24993
23769
23598
23616
23688
23454
23472
23220
23796
24021
24309
23121
23904
23697
23652
23445
23409
23841
23454
24030
23724
23571
23958
23391
24093
23832
23670
23778
24012
23373
23751
24075
23733
23625
23778
23535
23040
24588
24138
23652
24426
23796
23373
24039
23769
24165
23805
23778
23904
23580
23859
24057
23265
23868
23481
23535
23526
23292
23670
24255
23922
23877
23823
23247
23364
24030
23265
23706
23472
23805
22977
22941
23751
23850
23580
23787
23733
23526
23715
23940
23940
23733
23940
24381
23940
23544
23580
23382
23265
23949
23634
23400
23175
23760
24552
23823
23463
23364
23445
24228
23508
23913
23634
24111
23445
23661
24489
24471
24012
23706
23769
24030
23184
23958
23904
23085
23805
24138
23823
23787
23769
24291
23868
23409
24174
23706
23535
23733
23832
23958
23553
23112
23436
23706
23814
23859
23346
23463
24066
23661
23751
24525
24075
23553
23922
23895
23796
23535
24030
23832
24012
23886
23499
23346
23949
24345
23634
23895
23247
23841
23265
23616
23625
23607
23562
23625
22923
23706
24129
23769
23643
23526
23589
23481
23409
24309
23103
23886
23859
23787
23886
24444
23751
23895
23697
23841
23922
22824
23481
23481
23751
23733
24237
23274
23346
24687
23427
23508
23544
23337
23850
23967
24579
23112
24318
24354
23733
23139
23805
23481
24039
23589
24138
23643
23157
23184
23769
23625
23751
23544
23202
24039
23985
24048
23409
23517
23886
23292
23598
24678
24030
23238
23391
23436
23427
23634
24012
24111
24219
23067
23364
23445
23733
23400
24471
23850
23283
24246
23409
23850
23931
24021
23760
24075
23733
23724
23643
23769
23337
23760
23949
24138
23445
24273
23868
24327
23319
23409
23589
23679
24687
23553
23814
23949
23751
24039
23760
23760
24003
24039
23526
23247
23634
23715
23922
23859
23724
23445
23949
23319
23850
23859
23571
24174
23679
23499
23715
23553
23373
23346
24201
23355
24471
23769
23895
23913
23751
23832
23490
23508
23625
23814
23067
24435
24021
23643
23850
23517
24201
24093
23958
23715
24390
23175
23202
23823
23814
24183
23436
23967
23994
24039
23571
23382
23742
23535
24471
23436
24156
23265
23589
23805
23553
24291
23391
24057
23580
23040
24282
23697
23319
23445
24201
24381
23697
23571
24048
23724
23571
23868
24228
24003
23760
23715
24345
23112
23904
23553
23526
23706
23616
23940
23571
23220
24156
24111
23661
24021
23319
23616
24030
23661
23670
23670
24642
23274
23508
