23274
23157
23328
22869
23382
23481
23733
23184
23418
23598
23004
23544
23175
23652
23616
23652
23940
23400
23490
23589
24408
23319
22986
23319
23544
23265
23580
23940
23535
23076
23616
23877
23589
24048
23490
23535
23553
23229
23985
23652
23283
23148
23652
24291
23679
23400
23535
23499
23481
23490
23310
23607
23202
23121
23148
23445
23130
23166
23571
23733
24102
23571
23571
23463
23697
23175
23292
23184
23535
23409
23823
23544
23373
24075
23490
23958
23265
23913
23337
23409
23247
23445
23391
23166
23463
23472
23274
23202
23958
23724
23193
23967
23247
23499
23175
23193
23688
23238
23553
23535
23823
23544
23058
23499
23319
23418
23679
23499
23571
23274
23526
23031
23238
23886
23652
23580
23589
23958
23787
23319
23004
22842
23751
23580
23382
23202
23220
23409
23103
23364
23949
23355
23049
23274
23643
23526
24003
23409
23391
23976
23049
23499
23490
23868
23661
23103
23418
23166
22950
23193
24003
23112
23418
22788
23355
23598
23517
23157
24048
23517
23562
23202
23175
22977
23247
23571
23283
23454
23625
23229
23202
23994
23409
23616
23454
23256
23850
23544
23562
23814
23436
23184
23409
23211
23508
23211
24345
23688
22995
23742
23742
23481
23445
23292
23760
23553
23220
23328
23193
23283
23184
23481
23121
23112
23904
23211
23148
23454
23661
23625
23535
23481
23022
23202
23607
23436
23976
23490
23292
23616
23364
23256
23382
23184
24255
23553
23256
23985
23337
23337
23499
23571
23220
23886
24039
23076
23940
23805
23733
23157
24084
23094
23409
23103
23238
23265
23580
23724
23526
23130
23274
24435
23328
23688
23427
23346
23427
23355
23598
23895
23067
23526
23436
23490
24201
23634
23616
23661
23058
23517
23652
24021
23517
23274
23598
23562
23229
23499
23472
22968
23400
23112
23634
23769
23670
23688
23544
23490
24057
24030
23463
23031
23553
23715
23499
23400
23607
23697
23193
23922
23436
23229
23418
23490
23598
22932
23418
23859
23670
24075
22968
23544
23427
23508
23490
23670
24111
23499
23283
23661
23526
23139
23346
23364
23301
23220
23634
23661
23616
23328
23715
23301
23292
23301
23499
23040
23742
23121
23940
23175
23733
23922
23346
23643
23607
23571
23796
23175
23463
23319
23346
23247
23283
23067
23679
23832
23688
23373
23751
23049
23670
24030
23526
23319
23319
23958
22941
23337
23724
23202
22869
23958
23283
23211
23634
23850
23517
23607
24111
23715
23508
23904
23778
23760
23409
23940
23544
23328
24021
23823
23535
23112
23247
23598
23643
23940
23733
24165
23292
24021
