26361
25038
24894
25272
27000
24894
25227
24372
24975
23967
24705
25038
24714
24372
24471
25182
24633
25425
25056
26082
25956
25209
25677
26073
24714
24138
26352
24939
24714
25011
24867
25110
25398
25029
25398
25578
24498
24561
24291
25137
24912
24444
24642
25344
25110
24804
25110
24867
24885
25119
24534
25722
24975
25326
25002
25443
25398
24660
24894
24921
24444
24939
24327
24462
24435
24768
25074
24345
25650
24372
23949
24795
25371
24579
25362
24858
25083
24588
24939
24858
24489
24831
24759
24687
25263
24498
25011
25245
24120
24975
24624
24993
24975
24930
24417
24462
24660
25488
25056
24615
24480
24534
25137
25434
24858
25704
25137
25857
23643
25299
24201
25020
25632
25344
24840
24777
25299
24462
24624
24786
25056
26397
25488
24786
23967
25245
25749
25290
24723
25389
24750
25110
24705
24705
25074
25254
24975
24606
24390
25497
24669
24840
25173
25578
25056
25101
26541
25029
25119
23814
24741
26163
25479
24480
24822
24552
24885
24822
24507
24858
24786
25209
24777
24633
25731
24156
25029
24129
24759
24633
25992
24993
24552
24759
24831
23913
24804
24741
24525
25218
25056
24552
24750
24723
25416
25146
24444
24291
25425
24507
25398
25794
25893
25749
24561
24192
25083
25515
25065
24606
24606
24777
24957
24777
25848
25128
24759
25065
24777
24768
25155
24363
24705
23724
24669
26343
24840
25065
24732
25074
26361
25137
26568
24372
25533
26199
24138
25281
24786
25083
24624
25281
24579
25011
24795
25137
25866
24804
25137
25164
25029
25488
25425
25065
25695
24399
24831
24822
24912
25317
25353
26433
25002
24345
24993
24822
25650
24876
25182
25947
24561
24813
25821
24984
24993
25155
24561
24813
24903
24507
25011
25110
25263
26964
24777
24597
24615
24669
25362
24840
25101
25191
24498
25461
25155
24777
25263
23976
24228
25020
26298
25083
24669
24714
24786
25407
24660
25461
24552
24444
25263
24120
24525
25326
24615
24759
25209
25677
25947
25011
25218
24633
25767
24417
25281
24417
24948
24714
25038
25263
24579
25254
24777
24345
24651
25362
25776
25389
24714
26478
24615
24597
25074
25200
24714
24876
25290
24489
24894
24795
24696
25605
24858
24660
25047
24930
24102
24372
25254
25929
24399
26172
25182
26442
25002
24813
24444
24345
24345
24822
24957
26307
24750
24426
24687
24687
24615
25389
25146
24768
25065
24588
25002
25011
24966
26982
25875
25128
25713
25146
23814
24705
25020
24732
24885
26280
24354
24849
25173
24894
24867
24210
25263
25002
26217
25416
24822
24597
23778
25200
