24489
24363
25236
24723
25218
24372
24561
24408
25704
25263
24759
24903
24894
24804
24975
25317
24336
24534
24939
24885
25218
24651
24849
24534
24660
25038
25209
25164
25191
24777
25272
24966
24804
24363
24651
25191
24579
24687
24777
24777
24354
24327
24660
24660
24417
25632
25740
23985
24453
24723
24615
24273
25434
25137
24687
24930
25074
24921
25128
24597
24264
25353
25011
25047
24768
24858
24381
24291
24687
24489
25272
25488
24507
25119
24777
25047
25452
24840
24444
24930
24462
24984
24417
24741
24084
24453
24291
24768
24327
24867
24480
24777
24255
24507
25281
25326
24444
24291
25119
24291
25623
24552
25119
24903
25083
24831
24651
24750
24903
24426
24795
24723
23904
24588
24750
24174
24714
24426
24426
24786
24480
24822
24741
24507
24372
24489
24966
24579
24651
24966
24759
24948
25488
24147
24669
25218
24831
25002
24669
24903
25488
24534
24282
24705
24741
24525
25623
24840
24939
24849
24111
24417
24327
24714
24876
24228
24768
24903
24426
25119
25029
24786
25164
25299
24525
25065
25236
25101
24615
25011
24804
24174
25047
24255
24804
25542
24552
24534
24921
24984
24858
25218
24822
25074
24822
24471
24642
25245
24624
24948
24777
24318
23913
24867
25254
24336
25065
25434
24192
24021
24975
25218
24579
25011
24894
24291
24183
25686
25443
24489
24615
25146
24543
24273
24462
24588
24516
24732
24498
24336
25380
25263
23994
24390
24831
24381
24165
24480
24462
25020
24687
25281
25542
24975
24768
24723
24372
24966
25173
24741
24705
24984
24759
24948
24030
24750
25920
24687
26145
25488
24993
25101
24813
24273
25011
24309
24795
25506
24516
25524
24822
24642
24813
24309
24966
24831
25200
24858
24732
24309
24480
24363
24201
24453
25272
24840
24777
25002
24255
24930
24615
24651
25074
24615
25371
24876
25191
24534
24147
24768
25011
24975
24651
25299
25065
24633
24534
25155
24408
24552
24579
25254
24885
24651
24993
25560
24426
24759
24831
25281
24741
24453
24642
24993
25065
25164
24309
24651
24903
25155
24903
24858
24795
24912
24984
24849
25236
24813
24165
25074
24408
25128
24201
24489
23868
24561
24390
24165
25281
24669
25560
25137
24822
24390
24318
24093
24057
24858
24471
24453
24768
24660
24714
24192
25335
24966
24300
24750
24111
24552
24642
24849
24714
24768
24561
24831
25164
24741
24696
24444
24435
24642
24534
25011
24525
24507
25200
24912
24705
24732
24678
24543
25497
24831
24327
24858
24012
25065
25659
24381
24651
24750
24291
24696
24615
24660
25056
24642
24615
23967
