23805
24318
24849
23517
24714
25047
23877
24048
24039
24606
23598
24039
23850
23841
23427
24174
23877
23301
23616
23562
23508
23625
24426
24435
23256
24417
23778
23634
23625
23661
23868
23850
24255
23778
23706
23463
23832
23724
23706
24237
23607
23454
24426
24336
24129
23985
23904
24912
24120
23454
23364
23553
23328
24075
23535
23931
23616
23544
23715
23625
24291
24084
24561
23760
23859
24552
23643
24147
24327
24597
23805
23859
24246
24471
24471
23436
23598
23634
24507
23310
23877
24345
23544
24345
24426
23355
24291
23634
23976
23769
25020
23472
23409
23958
24174
23895
24138
23877
23508
23508
23868
23499
24696
23607
25047
23859
23706
23661
24219
23544
23373
23859
23400
23544
23652
24678
24093
23490
23796
24327
23526
23823
23544
23805
23454
23913
23931
24003
23787
23310
23553
23661
24129
23454
23526
23913
24417
23301
24318
23418
24570
24399
23391
23976
23607
24201
23481
23859
24309
23319
23688
23490
23706
23526
23805
24552
24183
23688
23895
23616
23391
24048
23886
23904
23814
24300
24390
23967
23553
23688
23778
23589
24642
24174
23607
23490
23463
23481
25137
23337
24183
24444
24723
23823
23634
23841
23814
24075
23850
24543
23454
23661
23760
24426
23787
24210
24426
24282
24291
23922
24129
23535
24084
24174
23751
24021
23724
23445
23823
24363
24291
24066
23931
24732
23562
24480
23751
23751
23778
23661
23796
24147
23571
24570
24147
24588
24048
23715
23769
24336
23553
23472
23931
24039
24219
23688
24048
24030
25326
24795
23652
24264
23724
23661
23292
23643
24057
23841
24174
23688
24102
23670
23661
24444
24336
24111
23760
23877
24471
23877
23544
24570
23904
23472
24399
23760
23463
24012
24084
24201
24516
23949
24408
23535
24156
23157
23967
23877
25065
23535
23589
23625
23841
23787
24210
24606
23661
23796
23904
23841
23913
23661
24273
23904
23598
24012
23553
23913
24930
23841
23580
23508
24021
23922
23859
24534
23580
23535
23661
25263
24012
23778
24318
24795
24867
24453
24156
24966
23634
23859
24201
23463
24120
23868
23643
23877
24066
23580
23895
23337
24723
23778
23427
23895
23472
23967
23742
24444
24228
24057
23256
23499
23949
23733
23616
23742
23715
23679
23625
23337
24030
23679
23886
23832
23760
24309
25434
23994
23751
23742
24039
23994
23643
24075
23625
23751
23688
23778
24120
24102
23715
23859
24867
24291
23310
23877
24219
23760
23985
24138
24669
23364
24003
24813
23985
24606
23751
23760
23598
24489
23688
24633
23670
24795
23382
24381
23481
23679
23625
23688
