24372
24426
24102
24246
24444
24660
23931
24507
24138
24147
24237
24309
24021
23958
24030
23859
24057
24093
23859
24201
23814
23922
23886
24354
23634
24390
24561
24372
24165
23913
24336
24120
23652
24462
23625
24543
23994
24111
24489
24165
24462
23769
23769
24327
23958
24291
24273
24417
23724
23607
23634
24300
23751
23895
24084
24489
23823
24093
23967
23814
24030
23688
24687
23913
23562
23769
23832
23769
23940
24012
24147
24084
24867
23715
24480
24489
24633
23589
24237
24030
23877
24237
23904
24579
24183
23976
23526
24561
23931
23418
24750
24111
23706
23715
23562
24210
24201
23688
24336
23868
24345
24246
24102
24354
24282
23391
24354
24480
23796
24075
24129
24705
24417
24129
23832
23985
24102
24363
24606
24066
24021
23976
24219
24057
24102
24120
23913
24156
25020
23787
24291
23814
24156
24264
23877
24138
24147
23634
23436
24390
24165
23742
23607
24264
24183
23724
23508
24075
23958
23634
23787
24021
24075
23904
23958
24282
23994
24174
23886
23994
24381
24255
23922
23688
24453
24282
23850
24930
23355
24264
23814
24192
24255
23832
23886
23814
24300
24354
24678
24237
23706
24147
24381
23931
23967
24147
24561
23967
24444
24093
23616
24246
23661
24237
24327
24066
24300
24264
24372
23931
24669
24579
24273
23544
23706
24570
24237
24237
24039
24606
23796
24723
24633
23688
23697
23661
24165
23733
24201
23985
24084
24399
24381
24705
24228
23787
23454
23805
23841
24093
24291
24183
23976
24003
24003
24300
24075
24075
23850
24030
23760
24057
23688
23688
23553
24597
23490
24291
23877
23787
23859
24147
24543
23796
24030
23787
24075
24192
24102
23904
23742
23976
24093
23940
24039
23949
24165
24993
24444
23967
24012
24282
23742
23877
24624
23319
23778
24120
23976
23859
24570
23697
24939
23706
23994
24057
23850
24408
24147
24210
24273
23742
24336
24318
24471
24147
24138
23850
24237
23787
24426
24093
24660
24075
24156
24390
24714
23922
23607
24309
23733
23976
24066
24390
24066
24048
24048
23904
24246
24282
24255
24372
24273
23985
24156
24453
23742
24606
24426
24390
24066
24651
24705
24777
23814
24471
24453
24282
23922
24516
23913
23895
23553
24372
25092
24012
23733
24318
23994
24093
24282
23922
23706
23859
24129
24435
24147
23697
24129
23661
24165
24489
24165
24534
24480
23238
24633
24282
23976
24291
23544
24732
24624
23823
25209
23778
23949
24237
24462
25227
24327
23985
24030
23670
24201
24471
23931
23508
23571
24129
24138
23859
24264
24327
24021
24066
24237
24102
23517
24075
