25137
25515
24417
24975
24057
24966
24633
25821
24822
24588
25047
25128
25650
24714
24642
24912
25740
24921
24876
24390
25119
23580
24759
26280
25065
24813
24471
25047
24786
24912
25281
24894
24696
25056
25596
25299
24768
24318
25452
25029
24858
25362
25020
24588
25200
24318
24444
24435
24957
24993
25326
25677
24714
24372
25128
25011
25011
24777
25452
25011
25353
25236
24219
24219
25830
25578
25497
23913
24426
24606
24813
25281
25686
24282
25695
24471
24507
24462
25101
25047
24705
25011
24993
24372
25245
24903
24246
25119
24597
24750
24831
24462
24165
26010
25902
24435
25155
24633
24354
24741
25074
24759
25371
25083
25065
25155
25416
25524
25092
24993
25272
25812
24093
24057
25407
25056
24624
25164
24552
24417
25956
25011
25083
24804
25047
24624
24588
25191
24642
25146
25839
24633
24525
25056
25812
23832
24966
24291
24543
25299
25254
24534
24291
26091
24831
24093
25731
24660
24264
24768
24183
24516
24642
24849
24768
25047
25344
25416
25326
24921
25470
24858
25281
25173
25092
24939
25137
23976
25182
24759
24057
24948
24624
25740
24696
25434
23958
25128
24039
24732
25191
24102
24885
24678
24777
25191
23697
25560
24732
25308
24327
23706
25974
25389
24804
24444
24561
24525
25029
25767
24426
25641
25416
24381
24300
24597
24768
25596
25740
25614
24363
25002
25353
25839
24651
24804
25470
26010
25065
24696
24228
25326
24651
25146
25218
25020
24228
24930
25236
24561
25290
25218
25065
24516
25146
24543
25497
24669
25461
24093
24831
25182
23607
24849
24543
25506
24066
25371
25164
24966
25254
25749
24498
24615
24372
26055
24876
24615
24804
25740
24606
25128
25020
25308
25551
25092
25443
24579
25002
24786
25074
25713
24633
24687
24858
24723
25119
25551
24939
23922
25371
25092
25758
25551
25200
25155
25839
25416
24615
25686
24615
24786
25740
25569
25218
24570
24633
24228
25308
24624
25326
25443
24480
24606
24165
25191
25461
24570
25218
24660
24309
25254
25407
25497
24723
24651
24786
25614
24993
24732
25173
24705
25218
25083
24597
24579
24732
24093
24723
25236
25200
24768
24507
24318
25227
24777
24318
25623
25146
25290
24723
24912
24570
25794
24894
24966
24597
24885
24147
25254
24786
24705
25533
24462
25065
24075
24921
24156
24759
23958
25263
25092
24921
25767
25119
24057
24777
24462
24786
24624
24939
25020
24345
25110
25587
24300
24984
24903
25506
24993
25002
24687
25650
25812
24975
24804
24498
25047
23895
25533
24660
24957
24597
25857
24354
25065
24597
24894
25128
24984
