24111
24552
25155
24849
24579
25569
25092
25002
24597
24327
23922
25191
24516
23859
24858
24678
24642
24138
24921
24678
23913
24867
23967
24183
23724
24588
24273
25794
23670
25371
24858
24210
24300
24714
25047
25047
23652
24372
24930
23778
25200
24012
25092
25101
23778
24426
24228
24165
23715
24165
24129
24975
25398
25713
24075
24930
26631
24912
25191
24597
24633
25443
25938
24147
24327
24489
24741
25119
25047
24102
24768
23841
24786
25533
23535
24588
24723
23922
24147
24300
24552
24894
24786
24318
25200
23760
25083
25110
24570
24732
25479
24705
24984
24525
24039
26379
24723
25317
24471
26010
24705
24453
24246
24714
23652
25461
24525
25488
25191
25200
26370
23949
25407
25416
25497
25191
25227
24795
24120
25785
24993
24534
24426
24174
24399
26451
23913
23643
24966
23922
24174
24354
25353
24597
25074
24858
24624
24966
25371
23850
24453
24939
24570
24966
24336
24120
25173
24498
25227
24534
23859
24561
25596
25317
25281
24408
25146
24147
23859
25317
25173
25002
25065
24849
24120
24984
24831
25128
25299
24165
25596
24453
24867
26424
23985
25362
24462
25290
24840
24102
23940
24147
24381
24903
24174
25236
24408
23400
24552
24219
25128
25083
23526
24993
23742
24741
24849
24129
25416
24768
24462
25668
24381
25461
24903
24471
24804
23895
25236
24048
25011
24714
24030
25506
24858
25101
25947
24003
24030
24030
24552
24885
23949
24768
25407
25011
24831
24615
24732
24480
23949
23724
25290
24750
24885
24426
23472
23670
25578
25515
24642
25128
24786
24165
24030
25101
24318
24930
24966
24336
25380
23958
25947
24345
24606
23904
24273
24750
24984
24642
24417
23940
24255
24030
24777
23805
24489
23823
24939
24723
23562
24264
24354
25164
24390
24462
24012
24525
24633
23976
24993
25443
24597
25569
25866
25146
24354
25137
24435
24354
25218
25236
24066
23832
24399
25866
25956
25362
23985
25362
25047
24426
23670
23940
24300
24588
25227
24129
24624
24282
24021
24759
24768
24156
25452
25281
24048
23913
23931
24093
24984
23859
24048
24561
24255
24849
23859
25326
24003
24363
24930
24138
25380
24885
24957
24183
25155
24561
23769
24021
25740
23787
24174
24309
24210
25362
24084
24849
24372
24039
24084
24597
24579
24615
24138
25119
24993
24525
25461
24363
23742
24669
23904
23643
24354
24516
24822
23652
24714
25812
24777
24291
24768
24111
24615
24705
24075
24003
24552
24309
24165
24714
23598
23976
24579
24030
23994
24228
25110
23733
25317
24309
23724
25839
24291
24255
24741
24444
25560
24255
