24480
23994
24120
23868
23877
23823
25371
23562
24066
24876
23832
23832
24615
24579
24534
24228
24417
25749
24120
24363
23778
23931
23769
24192
24102
24219
24264
25533
24111
24723
24498
24894
23715
24462
24255
24102
25047
23886
24264
24480
23922
23814
24732
25344
25299
24228
24354
24462
24291
24183
25722
23958
24867
24165
23832
24462
24633
24354
23904
24399
23985
24876
24624
23481
23850
24939
24435
23643
24165
24732
24102
24129
24687
24120
24246
24345
24093
23625
24300
23832
24732
24471
25641
24822
24849
24435
23769
24525
23877
24021
24399
24966
23904
24363
24543
24183
24156
24129
23751
24471
24669
24561
24111
24669
24219
23958
24822
25101
23814
24498
24435
24858
24714
24165
23778
24489
24489
24246
24336
23634
24336
24723
23868
24714
23553
24489
23670
24183
24957
24237
24498
24930
25065
24201
23931
24201
24021
24543
23787
23931
23859
24291
23895
24444
24471
23724
24219
25587
23985
24210
25353
23940
24408
24579
23877
23787
24138
23571
24075
23940
24210
23445
23733
24570
24102
24840
23751
24111
23877
25173
24984
25020
25065
24165
24201
24246
25254
24147
24732
24426
24012
24579
24156
23940
24660
24237
24516
24165
25056
24894
24723
24363
23688
24534
24858
24318
24075
24372
24291
23958
23967
24219
24543
25488
23877
24588
23922
24102
24750
25488
24633
25740
24075
23859
24264
23634
23625
24111
24966
24057
25038
23940
24336
25011
23841
24480
24048
24120
24156
24039
24579
24120
24516
23976
25002
24093
24255
24309
23742
24984
23814
23409
23769
25164
23787
23958
24156
24021
24462
23526
25092
24489
24786
23499
24408
24282
23715
24066
23661
24354
23958
24030
24282
24309
23652
23877
24993
23787
23967
24399
23508
24372
24066
23949
24939
24813
24372
23868
24021
24255
23499
23706
24093
24489
25002
24147
23805
25344
24309
23769
24588
24093
24984
24912
23940
24156
24966
24138
24084
23544
24093
25146
24480
24903
24273
24156
23580
25281
24903
24543
24237
24093
24363
24219
24435
24768
25497
24561
24840
23499
24705
24525
23859
24120
24183
23832
24282
23643
24543
23967
23724
24183
24012
24129
24147
24354
23823
23715
23571
23940
24309
23787
24570
24543
24705
24525
23958
23967
24840
25263
24120
24165
24156
24804
23760
23463
24102
24399
24795
24678
24912
23976
23742
25290
24057
24399
23994
24768
24921
24012
24426
24030
24678
24120
24156
23706
24102
25236
24408
24138
24516
23949
24336
24921
23859
23589
24588
23625
25290
23787
24480
24444
24039
24255
24300
24570
23769
24543
24354
24615
