25101
26100
24759
25020
25767
25515
24624
24210
24372
25848
24480
24471
24606
24750
25074
25560
25641
25353
24957
25191
24183
24183
24120
25677
24849
25101
24741
24993
24624
24696
24624
24615
24759
25092
23985
24462
24894
25029
24768
25443
24786
25596
24714
24849
26793
24687
25191
25218
25074
24939
25506
25110
24282
24381
25641
25191
24831
24039
24318
24651
24687
25137
26550
24642
24750
25974
26352
25776
24849
25119
25929
25461
24741
25011
24921
24696
25200
25479
25470
25578
24867
25011
25578
25083
24291
24273
24453
25542
24408
24354
24003
24840
25587
25407
25956
24822
25812
25308
26064
25038
25146
25380
24957
25128
25929
24426
24210
24183
24759
24894
24588
25056
24390
24561
25452
25416
24462
24201
24660
24273
24849
24192
24381
24309
25515
25821
24471
25038
24705
25677
25353
25119
24759
24471
24408
24489
25245
24903
25182
25497
24138
25605
24903
25470
25092
25731
24147
24561
24480
25011
24876
25515
24876
23931
24750
24651
25803
26154
25938
24453
24939
24462
25191
24156
25524
24372
25317
24417
24984
25776
24111
24687
24444
24588
25029
25794
25371
24741
26046
23913
24615
24930
25398
24957
24525
25668
24939
25551
24246
25308
24804
25722
24831
24840
24318
25371
24273
25020
25902
24948
24228
24624
25326
24723
25479
24363
24777
24408
24894
24534
25614
24624
24300
24696
24696
25083
25038
24867
25830
24750
24507
24660
24804
24939
26370
24318
25569
25362
25209
26028
24003
24723
25722
24345
24327
24336
24021
25056
25065
25857
25002
25155
25065
24246
25272
24678
25317
25047
25182
25713
26649
24003
25452
25209
25173
25938
25560
24399
25974
24633
25011
25200
24012
24822
24759
24984
26361
24390
25542
25182
25281
25686
24507
24939
25461
24660
25326
24210
24012
24174
25731
25326
24939
25371
24696
24660
24552
25461
25182
26217
24372
25155
25065
25848
24174
24660
24327
23994
24750
25173
25443
24264
25191
24165
24912
24687
25011
24111
24534
24759
25470
24885
24561
24822
25038
25389
25380
25398
24390
24417
23616
24048
25470
25290
24822
24543
24237
25011
25983
24606
24732
25479
25623
25740
24939
24363
24822
24921
24534
24876
25425
24759
25281
24318
24696
25074
24696
24723
25218
24867
25452
23805
25326
25524
25704
25812
24516
24291
24822
23985
24543
24543
24147
25101
24696
24129
24435
24894
26406
24912
24687
25776
25686
24516
26091
24147
24768
24363
24309
24660
26271
24939
24552
25479
24597
23958
24246
25380
25830
24282
25461
25002
25065
25911
25002
24354
25506
24822
24030
24039
