24039
24615
24021
24930
24966
23832
23382
24363
23805
23751
23994
23868
24255
24201
24561
24336
24057
23850
25020
24390
24282
24093
23679
24327
24174
24003
24354
24021
24426
24390
24327
25272
23850
24372
23580
23553
23976
25389
23553
24183
24129
23859
24408
24255
24606
23472
23841
24372
23544
23499
23985
25245
23931
23850
24624
23931
25011
24147
23922
24408
23823
25200
23265
23607
24642
24255
24210
24660
24282
24894
24003
24822
23598
23787
24237
23805
23769
24417
24174
23418
24462
25299
24777
23805
23877
24543
24174
23580
23931
24795
23481
24561
23958
23922
24552
24615
25209
24372
23328
23742
24057
23517
23589
23922
23643
23535
24048
24912
23760
24174
23823
24948
23931
23967
24201
23940
24147
23571
24633
25173
23931
23895
23859
23769
24534
24012
24057
23490
24795
24246
23742
23868
23895
24174
23940
23904
23580
24246
24264
24201
23958
25002
24174
24417
24174
23949
24444
24336
23598
24570
23607
23742
24606
24579
24264
23976
24246
23364
23301
23562
24120
24093
23796
24984
24354
23733
24192
25380
24156
24435
24156
23796
23904
24426
24903
24435
24669
23949
23931
23949
24471
24030
24066
24498
25065
23976
23526
23814
25254
23958
23769
23706
24597
24102
24012
24336
23670
23490
23643
24075
24561
24255
23742
24966
24003
24192
24516
23832
24237
23895
23976
23184
24084
24984
23940
24237
24111
23994
24138
24444
23679
24516
24147
23481
24471
24822
24678
23517
24426
23643
24975
24012
23688
23733
24120
23931
24354
23913
24156
24030
23553
23832
24957
23805
22959
24417
24075
23679
23670
24318
23913
23661
24291
23670
23733
23697
24570
24066
23697
24156
24408
23949
24066
24210
24696
24552
24831
23886
24219
23769
23409
23742
24012
24309
23715
23940
23931
23823
24993
24471
23859
23778
23868
24471
24120
23886
24084
23706
23598
23841
24561
24498
23706
24426
24201
24795
23967
23598
24615
24408
23607
23634
23832
23967
23913
23580
23670
23994
24381
24048
23814
24381
23661
24390
23994
23625
24300
24129
23670
24993
24759
24228
23823
24318
23409
24327
24777
24498
24012
24651
23769
24984
24381
24633
23616
24858
24066
23778
24021
24723
24201
24408
24075
23706
23814
24642
24309
24804
23814
23742
23670
24048
24282
24210
24588
24138
23724
23859
23634
24228
23697
23688
24336
25002
24507
24183
23832
23787
24534
24435
23661
25767
25614
24570
24435
23247
24147
23868
23913
24183
23463
23076
24408
23544
23751
23211
23697
24084
24039
24768
23337
23760
23616
23751
24435
24390
24543
23841
23859
23778
