24750
24390
24471
25092
24759
25119
25407
25299
24714
24948
24831
26406
25029
26586
24543
24534
24660
24705
24993
24372
24597
25506
25245
25200
25326
24768
25083
25227
25227
25146
25182
25182
25767
26523
25992
25047
25542
25011
25434
24813
25497
24714
25470
25380
25119
24696
25524
25317
25371
24417
26208
25173
25029
25029
25965
26028
24993
24714
26100
24543
25704
26370
24804
24984
23958
25173
25632
24903
25281
24534
25443
25083
24795
24480
25632
25416
25146
24561
25128
25110
24534
25191
24687
24363
24984
24561
25173
25173
24678
24444
24867
24606
26694
25407
26505
25614
24660
25155
25785
25812
25065
24471
25605
24885
25371
25389
24984
25047
25155
24156
24795
24939
24696
25893
24759
25479
25263
24318
25263
24885
25065
24570
24930
25695
25758
24777
24399
24579
24993
26604
25848
25362
24705
25164
26019
24921
25110
24822
25497
25128
25002
24894
25353
25389
25056
24525
24984
26226
26784
24624
25020
24930
25173
25254
25020
24615
24831
25308
25074
24615
25272
24975
25659
25830
24957
25767
24894
24696
25209
24912
25965
24822
24615
24984
24444
24813
25767
25452
25686
24714
25353
26559
25416
25326
25758
25371
25515
25713
24975
25083
25263
25272
25065
25245
24732
25569
24705
24831
24480
26217
24453
24165
24885
24525
25110
24354
25101
25668
26325
24948
25650
25524
25254
25452
25173
26037
26973
24678
25632
25236
24768
25650
24759
24975
25209
24444
24741
24966
25452
24579
24840
25155
25533
24390
25182
25641
24678
25299
24633
25128
25182
25020
24831
24858
24327
25317
26496
25506
24633
25020
25263
24606
24615
25362
25254
24534
24426
24777
25182
25659
25713
25002
24867
24516
24741
24912
25020
26289
24435
25335
24912
24903
24741
25731
24777
25551
24291
24912
25344
24786
25569
25164
25020
24831
25101
25416
24300
24696
24984
25137
24534
24363
24597
25218
24705
25083
24813
25461
24930
24795
25524
24831
25191
25515
25596
25047
24750
26667
25470
24813
26649
25839
25191
24795
25488
25038
25515
25398
25209
25317
25146
24570
24723
25659
25965
24885
25227
25083
24741
25425
24975
24705
26136
24849
24363
24228
24543
24696
24831
25650
25029
24903
25209
25299
25209
25056
25416
25578
25470
24516
24732
24948
24300
25146
26541
24885
25830
25893
26091
24804
25200
26145
24381
25407
24552
25083
25371
24840
24822
24507
25479
24804
24714
24957
25155
25308
25317
25569
24939
24768
24732
24579
24804
25317
24444
25101
25875
24534
24984
24039
25686
24723
25236
24732
24939
24687
25155
25083
25074
25524
