24768
24588
24102
24849
25020
24354
24237
25578
25470
24642
24156
24246
25452
23940
24660
24930
24525
24750
25524
24570
25281
25281
24804
25182
24543
24858
24894
24768
24354
24696
24246
24786
25083
24696
24777
25290
25821
24363
25101
24651
25353
24741
24444
25227
24102
25326
24219
25326
25236
23967
24165
25002
25083
24642
25173
26307
25029
24273
24435
25164
24408
24471
24723
24471
24102
24471
24336
24471
24570
24822
24480
24912
24444
25605
24696
24399
25209
24606
25704
23967
24579
24588
25218
24993
24921
24993
24381
24534
24111
24642
24417
24831
25128
25002
25155
24633
24966
25047
24768
24219
24993
25065
24849
24669
24381
24624
24831
24732
26136
24867
23868
24813
24381
25515
25902
25515
25452
24129
25461
24534
24462
24912
24777
25200
23688
24768
25074
24597
25083
25101
24426
24228
24444
25335
24255
24687
24759
24759
24192
24804
25713
24417
24741
25443
24525
24570
24804
24264
24552
24831
24552
24264
24453
24786
24678
25155
24939
24471
25074
25029
24138
24435
24894
24840
25551
24867
24633
24768
26271
25146
24048
24705
24570
24453
24984
24579
25020
24525
24660
24867
24147
24336
24003
24759
24327
24678
24615
24696
26136
24921
24588
25362
24003
24993
24651
24768
25146
24489
24327
25479
24516
24768
23949
25245
24876
24741
24804
24309
24363
25200
23985
24732
24390
24615
25650
24705
25245
25434
24750
24462
24066
24327
24066
24705
26217
25101
24237
24471
25272
24399
24948
24903
24624
24327
24525
25380
25245
25371
24750
25002
24759
24984
24093
25488
24354
24669
24147
24894
24705
24651
24669
24426
25443
24894
24858
24516
25173
24939
24948
24723
24273
24354
24309
23967
24381
24831
24975
24399
24507
24786
25605
24939
25209
24831
25272
24687
23598
25110
25119
24174
24795
24300
24237
23976
25119
23625
24615
24444
25029
25515
24525
24453
24480
24453
24228
24687
23949
24633
24786
24633
24858
24669
24381
24588
24840
25470
24732
24048
24849
24768
25146
24543
24705
23985
24480
24993
26298
24561
24750
24993
24588
24291
25389
24120
24192
25083
25560
25002
24966
24597
24273
24417
24507
25236
25137
25812
25218
24840
24246
25209
24858
24354
24084
24552
24741
24939
24597
24975
24273
24750
25029
24975
25587
24651
24939
25137
24003
24201
25092
24921
24597
23958
25425
24687
24606
25218
25416
24714
25686
25218
24975
24759
25920
24615
25317
24363
24894
25857
25245
24849
24453
24723
24822
24840
24912
24390
24273
24408
24696
24579
25272
24624
24957
24732
25281
24435
24372
25299
24651
24867
