24084
24381
24453
24156
24264
24921
24507
25110
24228
25344
24282
25128
24723
24300
24651
25155
25029
25371
24444
24705
24975
25623
24300
24237
24435
24174
24939
25578
24588
24345
24597
25731
25155
24489
23751
25362
25326
24363
23940
24714
24696
24084
24264
25326
24507
24543
24192
25164
24759
24426
24012
25038
24138
24579
25119
24921
24831
24372
24093
24129
24966
24822
25452
24984
24255
24840
24489
24300
24678
24849
24228
24453
24093
24300
25056
24039
26325
24480
24444
24174
24318
24381
25929
24210
24102
24318
25119
23769
25074
24210
25281
24660
24642
24777
24966
24525
24219
24291
25065
25587
24426
23850
24768
23967
24993
24156
25668
25029
24381
25155
24516
24228
24597
24525
24048
24534
24183
25668
24597
24381
24192
24183
24570
23544
24138
25290
25452
24921
25209
25128
24741
24966
24714
24552
24444
24111
24831
24930
24426
24561
24264
25218
24561
24012
25092
24318
24570
24300
24615
23985
24075
24660
25002
24381
24372
24804
25713
24966
25110
24642
24471
24498
24444
23994
24840
24480
24588
24390
24444
24435
25002
24057
23868
25074
24885
24084
23967
24813
24012
24435
24336
25317
24921
25209
25101
23661
24606
24408
25110
24597
24930
24228
24507
25830
24777
24606
25560
24372
25254
24192
25236
24570
25326
24561
24012
24579
24786
24894
24786
24381
24669
25578
24597
24237
24462
24948
24228
23517
24777
24651
25947
24426
24795
24984
24705
24390
24462
24183
24228
24363
23670
24219
24435
24696
24606
25047
25425
26109
24543
24120
25164
24372
24876
25533
24696
25326
24345
24804
24291
24066
24084
25209
25740
24804
24462
24939
24849
24219
24669
24219
24849
25056
24237
24210
25272
24858
24651
24174
25263
23886
25218
24255
23940
25353
24237
24831
24498
25389
24651
24210
24660
25470
24471
24147
25083
24066
24003
24228
25182
23904
24777
24795
24246
24840
24759
24876
25155
24435
24993
24435
24597
23994
24300
24462
24381
24318
25452
24687
25146
24381
24021
24633
24561
24336
25470
25803
25335
25137
24561
24012
24570
24084
24318
24318
25758
24408
25317
24606
24012
24435
25668
24768
25020
24345
24813
24597
24156
24480
24219
24552
24066
25101
24372
23994
24210
24777
25101
24777
23958
23877
24921
24534
24327
23985
24372
25605
24201
24093
24453
24858
24831
24588
24651
24309
25209
24525
24696
24192
24192
25155
25443
25155
24930
24885
24966
25173
24516
24705
24543
24588
24660
25209
24804
25038
25182
24705
24327
24417
24552
24912
25272
25830
24372
24408
24759
25839
25596
24174
25128
24813
