24381
23625
24030
23805
24057
23976
23931
23958
23805
23940
24327
24291
24021
23859
23679
23832
24435
24228
24201
24183
23967
23526
23976
23976
24057
23697
23337
23661
24354
24345
24075
24120
23670
24480
23877
24246
24336
23976
23913
23895
23715
24354
24102
23220
23976
24318
24489
24201
24030
24165
24732
24354
24435
23805
23643
24003
23715
24786
24615
24174
24246
23904
23850
23463
24615
23859
24057
23517
23832
24318
24309
23994
24300
24345
24606
24642
24264
24462
23265
23985
24147
23994
23310
23724
23823
23967
23328
24282
24138
23571
24273
23868
24354
24372
23895
24012
24075
23859
24192
24588
24723
24561
24282
24048
24093
24426
23760
24192
23940
23580
24714
24291
24012
23850
24345
24660
23544
24066
23949
24525
24660
23922
24372
23616
24345
23895
23805
24120
23427
24021
23958
23841
24426
23949
24111
24453
23949
23697
23490
24813
24174
24156
24066
23715
24057
23886
23859
24309
23967
24075
24372
24516
23787
24264
23823
23697
23436
23481
24039
24381
24354
24471
24003
23247
23913
24066
24579
23778
24426
24507
24111
24444
24453
24228
23589
24732
23229
23472
23814
24660
24057
24021
24462
24147
24066
24129
23751
23643
23571
24012
24210
23364
24066
24075
23877
23337
23391
24381
23481
23976
23661
23994
24066
23760
24633
24183
23985
24048
24138
23922
24750
24381
23841
24048
24489
24363
24687
23616
25011
24471
23193
23904
23679
24183
23544
24669
24156
24516
24525
24021
24561
23994
24327
23814
23652
24291
24849
24039
24219
24426
24120
24084
24039
24156
24138
23823
23949
23814
23427
24399
23796
24363
24777
23553
24381
24291
24030
23823
24246
24102
24228
23958
24075
24003
23643
24057
23733
24075
24435
23373
24642
24201
23616
24309
23463
24660
24372
24642
24651
24192
23670
23562
24498
24570
24408
23436
24039
24435
23895
24183
23949
23679
23769
24120
23607
24669
23265
23796
23706
24831
24219
24066
24624
23751
24138
24246
24138
24111
23751
24678
23868
24363
24219
24561
23913
25002
23661
23706
24111
23841
23760
24282
23823
23976
23733
23832
24093
24408
24147
24453
23742
24138
24417
23760
23760
24732
23886
24165
23904
24570
23679
24336
23616
24489
23796
23886
23814
24318
24111
24255
23787
24147
23967
24129
24156
23958
23778
23976
23868
23778
24606
24255
24102
24138
24993
23913
24732
24273
23859
24372
23940
24408
23742
23562
24174
24192
24588
23949
24300
24327
23670
24066
23949
24102
23679
24489
24084
24129
23940
24003
23985
23751
24012
24435
24678
25011
24561
24003
24516
24012
