24561
24399
25506
24012
24057
23652
24057
24237
25002
23625
24345
23904
23859
24129
24984
24489
23769
26487
24237
25371
24561
23958
24606
24111
26019
24399
25047
24939
24174
23607
23526
23814
23958
24624
25191
23652
23832
24057
24048
24678
25182
24111
25200
24147
24129
25182
24660
24354
23985
24237
25371
24408
23760
24768
25488
23661
25551
25083
23967
24678
24093
24471
24876
24786
24642
25200
23769
24399
23571
24066
23931
24129
24291
24786
24804
24489
23949
24831
24471
25164
23814
24939
24858
24435
24336
25065
25209
23913
24246
23769
24993
25065
25290
23913
24138
24012
24642
24624
23724
24129
24363
24282
24255
23922
23994
23724
23499
24579
23958
24579
23904
24795
24390
25065
23715
23805
25362
23859
24705
24669
23832
24930
24453
24903
24021
24642
23958
23895
25605
24876
25272
24543
24381
24012
23886
24012
24498
24894
24390
25272
23904
24525
23364
23724
23607
24003
23832
24255
24093
24048
23967
24039
23940
24282
25902
24300
24552
26847
23778
23616
24075
23787
23805
23886
23994
25236
24057
24309
24471
24282
24147
24336
24012
25200
23886
23742
23958
23913
23607
23598
24318
25191
23832
24768
24867
24903
24840
24786
23715
23877
24795
24453
23769
24597
23976
24174
23535
24561
24948
24129
24642
23886
24606
23931
25452
25146
24633
25146
23895
24741
23715
24597
24282
23418
24021
24093
23859
24282
24120
24426
24129
23904
24957
26163
23679
23823
24183
24390
24732
24435
23481
25029
24930
24912
23706
24273
23778
24273
23895
24786
25956
24615
24165
23724
25020
23796
24354
24516
24552
24867
24543
25137
24426
24291
25137
24444
24741
24048
24804
24336
23877
24849
24174
23796
24183
23841
23913
24327
24201
25056
24696
24084
23913
25038
25119
25047
24309
24678
24363
24957
24003
25011
23922
24453
24192
23814
24534
23787
23922
24174
24444
23652
25056
24003
24543
24219
23976
25191
24696
24345
23931
24093
24480
23769
25101
24669
25650
24813
24660
25092
24948
24426
24930
25353
25074
24363
23859
24102
24381
24084
24354
24732
23805
23625
24894
25200
23436
23931
24435
24336
24237
24048
25560
26064
24822
25029
23679
23949
23616
24723
25074
24624
24543
23724
25857
23418
24354
25029
23778
24507
24903
25281
24669
24687
24084
23787
24111
24003
24165
25074
24570
23724
24039
24291
24993
24021
23949
24489
23949
24597
24696
24876
25218
24498
23922
24066
23697
24390
24066
25074
24138
24597
24129
24471
23931
24039
24579
23823
24858
24075
24183
23913
24912
24138
24084
23913
24030
24597
24678
24939
