24723
23499
24147
25128
24723
25551
24372
24876
25119
25128
25335
24066
24354
24435
24372
24246
23715
24669
24723
25551
26460
25065
24453
25497
25830
24858
24156
23706
25137
24849
24669
24507
25335
24174
25623
25056
23940
25551
24426
25218
24489
23742
25605
24021
24849
25614
24588
24948
25182
25884
25407
24264
25839
25254
24390
24426
24300
24795
24291
24615
24381
24534
24408
24732
24759
24219
24282
24669
24966
24498
24498
24921
25479
24579
25011
25938
24741
24651
24939
24642
24903
24822
25632
23913
24651
25821
24831
24777
25938
24363
24705
26748
23895
24606
23814
24930
25443
23967
24453
25497
26010
24813
25344
25722
25299
27027
24147
24642
24786
24885
24273
25389
24570
24714
24984
23976
24120
25767
24372
25245
24804
25317
24984
24093
23940
24858
23922
23814
24003
24615
24471
25047
24111
25002
24255
26127
25506
23760
25452
24633
24156
25092
24786
25218
24822
24867
24318
24840
25425
23670
24705
24714
24291
25335
26910
24075
24975
24174
25029
25101
26217
24624
25110
24588
27531
25047
24804
24993
26199
24309
25740
24309
24912
25785
24750
24975
24606
25254
25092
25236
23679
26145
25344
23706
25110
25092
25407
24786
24228
24786
24597
26109
26262
24966
24516
24291
25389
23904
24552
24273
25749
23841
25236
25065
24552
25011
24597
24336
26586
24822
25092
24975
24174
24003
24417
24336
24219
24408
24750
24588
24930
25434
25029
24921
23787
24723
24705
24345
24948
24723
24786
24264
24138
24129
24138
25101
25011
23517
24480
24399
23796
24876
24093
24444
24687
24138
24516
25470
24597
23733
24255
24624
24732
24138
24930
24354
24606
24615
24606
24723
24822
24732
25011
23733
25101
24993
25263
23886
24516
24795
26199
24858
25713
25776
23724
25191
24264
24561
24732
25848
24048
25290
24030
24174
24948
23526
24111
24831
24354
24885
25110
25731
24885
25668
25317
23364
24840
24066
23634
25416
24714
24570
23652
24840
25506
24165
25164
24417
24012
23778
25299
24300
24426
26730
24156
25317
24426
24399
25857
24282
24192
24705
24372
24255
24174
24750
24579
23760
24849
24804
25020
24390
25263
23544
24624
24138
25002
24030
24552
23715
24984
25722
24732
24480
24777
24669
24318
24237
23814
25686
24894
24714
26487
24327
24696
24219
24696
25056
24966
25569
24579
24228
24246
24327
25155
24399
24201
24066
24768
24174
23841
24768
25974
25155
24444
24795
24543
24084
25020
24804
25092
25092
24687
24660
24552
26991
24651
24831
24570
24381
24552
24615
24345
24345
25794
24201
23895
24408
26784
23922
