24543
24840
24660
24363
24309
25236
24390
25263
24651
24228
23985
24561
24075
25146
24615
25137
25317
23958
24813
24372
24147
25326
23904
24399
25038
23886
25137
25290
24534
25335
24894
24975
24300
25038
24471
24057
25200
24219
23643
23904
24624
24588
24372
24048
24174
24255
25515
24813
24822
24120
24561
25155
24633
25164
25056
25083
24219
25461
24129
23706
25029
24165
24660
24741
24966
24165
24246
24021
24759
24570
24975
24606
25191
23931
24120
24534
24939
24696
24444
24399
23994
23877
24894
24732
24165
24174
24255
24345
25587
25101
24768
23904
24048
24894
25299
25083
24201
24471
24030
25281
25110
24048
23877
24345
25623
23670
24453
24246
24903
24642
24768
24372
24444
24660
24876
24606
24795
25614
24723
24525
24156
24435
24093
24201
23751
25506
23391
25344
24120
24804
24759
24615
25884
24741
24759
24885
25164
24660
24372
24597
26253
24768
24309
24840
24345
23346
24255
23328
24642
24264
24192
23976
25506
24120
24048
24660
24687
23832
24138
24156
24516
25371
24966
25344
23742
24354
24498
24543
25047
24201
25164
24912
25416
24831
23472
24750
24246
24588
23499
24255
23814
25245
24075
24471
24561
25092
25416
24372
24192
25011
23994
24741
24255
25362
24228
25281
24111
24615
24885
24336
23985
23715
24426
25002
24759
24039
24543
24804
24147
24048
24075
24426
24660
24273
23904
24066
24984
23877
24048
25416
25083
25029
24822
24147
24237
24201
24345
24912
24957
24696
24498
24246
24021
24705
24480
25137
24309
24903
24615
24111
23814
24651
24300
24336
24651
24138
25281
24237
25200
23742
24624
23787
24507
25434
24444
24282
25281
24759
24534
23508
26037
25020
24930
24408
24975
24543
24858
25119
23769
24678
24120
24579
24714
24858
24795
24606
24264
24057
24777
23877
24426
24633
23868
24066
24930
24003
24399
23994
25353
24075
24831
24300
24849
25965
24390
24057
24282
24138
24030
24408
24732
25002
24660
25155
24426
24606
24831
25128
24597
24840
24435
24570
24102
24732
25695
26172
24273
24129
24354
25434
24939
24426
24633
24210
24363
24345
25938
24021
24417
23787
24561
23958
24570
23769
24219
25038
24075
24228
24336
24642
23679
24498
24075
23985
24732
24030
23859
24210
24633
24363
24768
25245
24066
23904
25209
24381
24552
24363
24840
24912
24750
24237
26010
24696
24138
24678
24228
24750
24507
24786
24498
25497
25200
24129
26118
23742
24588
24831
24606
24606
24453
24723
23886
24372
24831
24300
23643
25155
24444
25461
24633
24453
24939
24759
24858
24948
24408
24525
24714
24615
