24300
25146
23976
24174
25713
25317
25227
24327
24570
24129
24606
24057
25011
24822
24039
24291
24183
24579
24021
24624
25074
23958
26721
24633
24822
24129
23742
24372
26136
24552
24993
23661
24039
25551
23931
24057
24201
24453
23994
25641
24255
24021
25488
23904
24165
25074
23625
24210
23913
24309
24309
24417
24543
24417
24165
24075
24624
24561
25551
23967
25938
24516
23958
26460
24129
24039
26847
24948
24489
24075
24030
24345
23715
24264
24093
25479
24192
24570
25038
24462
24867
24336
24165
24003
24255
24876
24021
24687
24237
26019
24093
25353
23679
24291
24453
26406
24093
24264
24822
24165
24246
24255
24147
24741
24390
24219
23985
23904
24084
24615
24291
24876
23940
24390
24300
24588
24327
24003
26163
25011
24300
25578
25083
24039
24147
24165
26937
24381
24921
26532
23661
24093
23805
24012
25497
25560
26757
25470
24741
24570
24309
24201
24453
24174
24201
24237
25236
24939
23976
24255
24570
24471
25407
24417
25038
23751
24480
24255
24129
24174
24228
26820
25092
23958
24462
25020
24165
25731
23751
24129
25605
24129
25290
24525
24867
24120
24597
24309
24201
23679
24399
24030
23841
26154
23661
24021
24615
24363
24201
23949
25092
24201
24147
24489
25488
24345
24867
24075
24129
24507
24129
24345
24129
23661
25146
24345
24309
25623
25155
24399
24138
24075
23715
24012
24705
24048
23976
24471
24021
24417
24534
23805
23895
25029
24417
24498
25884
24084
24552
24597
23679
24291
24156
24975
23679
24822
24156
24849
24534
25686
23679
24939
24723
23976
24174
24219
24111
24237
25200
24669
23985
24129
25578
24534
24246
25515
24579
23904
24372
24462
25713
24174
25533
23949
23859
24030
24192
24651
25299
23679
25020
23913
23661
25191
23967
23661
23823
24255
24831
24201
24210
24453
24246
24606
24093
24147
24417
25020
24471
26244
24588
24093
23886
23697
24093
24939
24615
25668
23805
24381
25542
24273
24156
23994
24543
24246
26055
23922
24957
24246
24318
24552
26370
24255
24363
24237
24165
24129
24093
23679
24273
25011
25002
24426
24615
24147
23715
23661
26631
24102
25794
25380
24363
23679
24156
26118
24093
24417
24831
23733
25002
24957
23679
23886
24489
24480
24228
24381
24480
24417
24057
24003
24309
24210
23922
24129
24471
24651
24849
24453
25209
23661
23949
24120
23976
23886
23697
24075
24255
24093
24030
24174
24210
25254
24192
24993
24255
25200
24291
23976
24453
24210
24255
24354
23994
24939
24993
24651
23661
25812
24165
25281
24480
24057
24138
24948
23994
24174
26505
23985
