24021
23877
23310
23706
23913
23553
23184
23805
23949
23508
24300
24876
23832
24840
23913
24552
23481
23490
23697
24273
23724
23679
23967
24498
23643
23247
23220
24120
23058
24165
24273
24183
23265
23580
23157
23796
23634
23724
23373
23229
23706
23679
23346
23832
23481
23598
24138
23508
23652
23670
23634
24138
24066
23265
23463
23490
23562
23373
24048
23922
23382
23769
23805
23409
24246
23706
24300
23760
23301
23643
23553
24282
23211
23787
23796
24732
23319
23535
23814
23535
23715
23841
23994
23832
23994
23778
23436
23931
23625
23994
23382
23436
24084
24039
23949
23445
23643
24858
23913
23733
23706
23895
23715
23967
24057
23508
23697
23490
23013
23328
23274
24147
24129
23544
24048
23535
23553
23769
24003
23733
23697
23553
23319
23742
24318
23841
23877
23256
24174
23904
22986
23697
23742
23616
23940
24345
23859
23040
23535
24309
24039
24174
23913
24003
23229
23499
23472
23220
24345
24039
23580
23364
23454
23490
23310
24057
23697
23760
24066
23931
23175
23472
24435
23751
24534
23310
24129
23481
24111
23580
23913
23895
24426
23418
24408
23868
23625
23733
24003
23760
24192
23454
23382
23535
23436
23580
23859
23751
23688
24021
23094
23643
23832
24246
23760
23418
24138
23571
23481
23841
23823
23598
23526
24201
23895
23778
23337
23418
23256
23193
24309
23778
23427
23499
23265
23868
23184
24498
24633
23742
23697
23490
23967
23841
24021
23490
23958
24048
23706
23625
23472
23625
23751
23175
23751
24057
23751
23562
24003
23688
24318
23544
24336
23508
23598
23652
23787
23364
23796
23742
23607
23661
23625
24048
23688
23526
23643
24534
23814
23427
23256
23499
23661
24048
23706
23238
23688
23031
23400
23454
24120
23310
23643
23400
23058
23580
23769
24534
23634
24021
23769
23445
23328
23544
24282
24390
23499
23616
23751
23553
24003
23598
23409
23526
23220
23715
24804
23958
23796
23571
24165
23841
23616
23823
23166
23202
23913
23418
23634
23553
23382
23949
23922
23400
24048
23589
24183
23364
23823
23607
23535
23391
24318
23769
24066
23760
23877
24255
23634
23616
24174
24408
23868
23940
23868
23850
23751
23607
23778
23967
24084
23904
23634
23778
24183
24372
23976
23571
23904
23688
23670
24264
23481
23904
23697
23904
25182
24120
23976
23337
24372
23724
23931
23922
23994
22860
23193
23868
24093
23688
23724
23958
23670
23589
24084
23508
24012
24012
25029
24066
24183
23751
23859
24084
23481
23319
24120
23715
23832
24381
23904
23355
23931
23544
24570
24300
23931
23517
23409
24138
