25056
24345
28638
24345
24246
24390
25335
25767
24633
25542
24291
24318
24615
24372
25407
25542
26550
25722
25137
26307
25416
26199
24435
24660
24543
25101
24453
24930
24282
24336
24165
25200
24228
24201
25029
24372
25542
24318
24219
24543
24282
24570
24759
24633
25137
25659
24192
25659
24399
24255
26109
24246
24156
24345
25641
24390
24552
24498
24516
24696
24273
25848
25740
24579
25389
24354
25317
24264
25137
24336
24390
24975
24165
24867
24282
24723
24696
24381
25533
24210
25137
24174
24363
24696
24894
25101
26055
24165
24138
24498
25884
24192
25290
24642
24318
25272
26010
24210
24327
24345
24345
25470
24984
24723
24714
25983
25515
24957
24354
24246
24876
24534
24336
24993
24615
24300
24471
24165
25578
24363
25425
24669
24966
25137
24282
24696
24192
24381
24525
25110
24399
24210
24426
24579
24804
24714
24480
24741
24408
24489
24192
24291
24372
24138
25191
24732
24552
24246
24993
24462
24489
24399
25182
24678
24552
26298
24390
24228
24597
24714
24345
24651
25047
24552
25173
25821
24813
24813
24642
25110
25920
24705
25002
24417
24282
24327
25290
24498
24885
24948
24120
24336
24516
24813
24336
24327
25974
25137
24417
24372
25542
24660
24660
24138
24471
25551
24642
24795
24471
25560
24507
25065
24660
25479
25083
24678
24462
25272
24507
24327
24228
25677
25281
25092
24228
24228
24714
24768
24471
25182
24219
24381
26028
24552
24327
24156
25812
26604
24174
24696
24516
24471
24390
24336
24417
24471
24471
25911
25074
24840
24534
25731
24471
24246
24471
24165
26235
24444
24399
24471
24633
25722
24390
24372
24336
24741
24921
25884
24489
24939
24471
26226
24408
25722
24471
24228
25020
25254
25137
24381
25641
25173
24426
24426
24714
24381
24633
25155
24345
24390
25542
24732
26001
25191
25137
25983
24759
26199
24723
24390
24669
24228
26136
24363
25749
24255
24399
25164
25209
24345
24354
24201
25767
24489
24372
25416
24498
24867
25758
24831
24399
24300
24138
25101
25155
24831
24678
24930
24993
24768
24543
24327
26118
24156
25524
25272
24435
24471
24264
24354
24390
24858
24417
25011
24156
24138
24174
24552
24219
25209
24534
24453
24354
25596
25065
24354
25929
25470
24417
24498
24354
24606
24435
24552
26136
24228
25119
25560
24543
24264
24624
24705
24291
24957
25470
24561
24156
25911
24534
24228
24372
25065
24318
24264
24291
25191
24345
24570
24390
24552
25515
25749
24300
24588
24372
25812
24210
25569
24741
24660
25479
24489
25245
24957
25074
25695
24246
24381
25875
24354
