24732
24174
24372
23670
23688
24597
24525
24966
23598
24453
24849
23967
24489
23508
24408
25191
24498
24552
24435
23949
24417
25893
25155
24264
23859
24615
23616
23922
24048
24300
25254
25335
24003
24219
24678
24426
24786
24633
25092
25056
23949
24390
24444
23679
24426
24255
24066
24399
24471
24228
24300
24597
24075
24966
24345
25191
24192
23886
23364
24642
24669
24885
24156
24183
24642
25371
25398
24750
24840
24516
23598
24480
24282
24147
24687
24714
24201
25218
24228
23904
24192
24003
24174
24264
24696
23769
24858
25425
23211
24444
24273
24543
24606
23301
24219
24732
24543
24066
24669
24399
23976
23904
25200
23697
24048
24633
24408
24678
24057
24165
23688
24516
25416
24282
24210
24732
24552
24273
24768
24651
24876
24534
24237
23976
24597
24642
24633
23661
24129
24921
24462
23409
24327
24831
24579
23994
24048
23607
24831
24615
24273
24822
24840
24039
24831
24075
25137
25119
24138
25020
24417
25101
24453
24201
24876
26244
23841
24390
24255
24264
24534
24984
24408
23985
24687
24102
24993
23967
24678
24363
25047
24669
24507
24966
24354
24678
23445
24408
24453
24759
24273
24435
24525
24786
24885
24696
25074
24354
24633
24057
24849
25461
24093
24246
23895
25164
24633
24570
24552
24444
24300
23958
24039
24444
24489
24813
24282
25416
24471
23589
24237
24732
25272
24309
25137
25272
24669
25299
24138
24192
24768
24309
24219
25110
23886
24435
24606
24498
23562
24624
23112
24597
24435
24570
24705
24705
24021
24525
24597
25083
24660
25362
24444
23886
24336
24948
24426
24579
25362
24534
24336
24309
24066
24822
24669
24552
24984
24093
24399
24606
23229
24345
25029
24327
24786
25182
24471
24633
23895
23841
24651
24084
25695
24309
24489
24471
24453
24579
25326
24264
23958
24372
24336
24399
25047
24282
24678
24066
24093
24687
24561
24480
24291
24408
25056
24381
24291
23868
24705
23850
24210
24165
24777
24084
24759
24165
25488
23931
24381
24957
24714
24111
25128
23346
24111
24858
24498
24552
24885
24543
24660
25704
24948
24246
24948
24471
25182
24534
23841
24417
23913
24885
24507
24588
24939
25227
25362
24075
24759
24408
24246
25038
24282
23598
25542
24912
24651
24498
24768
24597
23949
24453
24786
24471
25479
24264
24606
24903
24633
24768
24687
24903
24471
24327
25002
24183
24777
24669
25065
24399
24651
24426
24705
23976
24426
25056
24174
23958
24318
24228
24426
23868
24192
24579
24741
23958
25002
25524
25038
23184
24867
24750
23148
24714
24084
24093
24723
24237
24867
24174
