56635
56689
56779
57166
57031
57013
56473
56437
56824
56608
56545
56977
56644
57202
56635
56482
56779
57661
56725
56671
56662
56707
56689
56698
56419
56653
56770
57013
56797
57679
56320
56563
56725
56428
57103
57427
57058
56500
57121
56716
57058
56752
56734
57130
56626
57067
56608
56842
56671
56671
56662
57193
56770
56824
57049
56590
57031
56284
56689
56950
56599
56761
56707
56959
57058
56797
57904
56500
56788
56563
56986
56599
56635
56545
56419
56761
56959
56572
56563
57175
56572
56455
56869
56815
57220
56374
56437
56374
56707
57022
56743
56878
57031
56761
56635
56581
56473
56752
57571
56815
