75634
73780
76417
75850
75796
75013
74617
76084
75301
74788
76480
74428
77884
77101
75841
75688
76120
75256
76363
77056
74518
77083
76561
73780
74113
73195
77614
74842
77965
78208
75400
76093
75931
76912
74932
77146
76201
74770
76651
77317
74833
76012
75679
74239
76462
75832
75400
77326
76417
75670
77731
75841
76867
75490
70909
76039
76435
75616
74770
78019
74185
76084
77191
76201
74446
75607
76921
74590
77740
77029
77092
74446
76012
76579
79018
76912
77587
76174
72952
74383
75985
76273
75391
74779
74950
73897
76588
77353
77623
77335
76273
73069
76570
75319
78964
75166
76660
74311
76948
74554
74725
75472
75769
76561
76939
73798
76867
76705
76804
77560
72970
77515
76444
79666
75814
77821
73996
78532
77308
76849
78325
75598
76669
75715
75427
77425
75562
76831
76471
73825
75607
77389
76768
76633
76687
76282
76327
77497
75436
74482
76309
77020
74302
78019
75598
77182
77299
73933
76840
77074
75922
79288
75769
73447
76750
74518
75877
75022
77578
74689
74455
74428
76327
76417
77740
75697
77047
72853
74284
75931
74761
76363
77209
78199
74104
77083
75526
76687
75292
77479
75904
79126
75751
79441
77236
76345
78568
79216
76345
73915
76660
74995
74509
75418
76984
74860
79639
77974
75904
72601
75886
74329
72430
76597
74158
75148
76318
76975
75751
77956
74806
76975
75607
76030
72907
76507
76507
74329
75328
77155
76147
78928
77227
74293
76084
76930
75265
74797
78568
76210
74698
77668
77911
76264
74059
75706
75508
75328
78550
76048
76498
75256
76255
74158
76102
73807
74950
76624
76390
74572
75733
74905
78784
79018
73672
74491
75247
78109
76039
75391
77785
74797
77344
75508
77299
77632
74410
73645
76588
74302
76768
73960
76579
78991
75211
75508
74527
75490
73663
77596
73798
77290
76003
75040
75760
76498
75553
77227
75553
76039
76174
76714
72709
73465
76471
73861
77920
75949
77452
76939
74887
75238
75076
74941
74356
76669
77866
77515
76624
77740
74041
75607
73582
74221
77011
75049
78838
77155
76678
74671
77884
75778
72187
77380
74680
79117
74554
74680
80008
75103
76930
72817
76768
76795
77227
75112
75256
76264
73969
77785
75490
73699
76030
75931
75265
76354
73483
77191
78280
76741
75400
77362
72259
73564
73906
76165
74797
74473
77002
75823
76507
74797
74365
75319
77407
76534
75337
77200
74608
73897
73339
76498
76858
75931
77083
72547
75094
78577
75265
75328
75895
77812
73663
75652
77146
74464
74635
73123
77434
74536
76768
77551
76957
72700
75499
74734
76561
77731
74473
75895
73816
76507
75868
77056
75067
76579
77974
77272
75274
76498
79243
74833
78163
74779
76264
75337
76363
76246
77587
76030
75211
75598
77101
75472
77443
75607
74743
77353
74869
76354
77920
77407
74752
76039
78388
76840
74716
74833
76651
76354
76822
78379
77920
77371
75265
77884
75823
75040
73969
76948
76372
75139
73375
75787
77614
79351
75877
73321
74005
75805
75724
74374
77227
76858
74662
74032
76741
78982
76462
75499
75967
75733
77371
75877
74374
76183
78271
79738
75283
79810
76660
77065
76723
77965
72421
77434
77452
74761
75562
76777
77362
76435
73951
73681
74302
75085
76624
75760
75562
76516
76579
77065
75679
76219
76165
78046
76732
75931
78388
76651
77992
75499
77677
75472
76066
74131
76975
75013
73816
77209
73807
74059
74518
76939
76687
76606
75040
76084
75256
77893
75679
76237
74644
76633
75967
76282
73870
77245
78451
76948
77740
73087
75994
75949
78613
76840
74968
72898
75391
74005
76615
78091
76336
76858
76975
75166
74824
74806
73186
74014
77029
78289
76678
75202
75274
77983
75103
78937
73627
73852
75643
77551
76390
74113
74734
78757
78937
75373
76804
75211
74716
77461
76273
75580
75751
76327
78136
79225
75472
75247
74599
71386
73402
76840
75949
75859
73681
76579
75643
72709
76498
75211
75598
76696
75400
74644
77416
76696
75886
77416
74581
76570
75490
77128
74851
75895
78154
76480
75391
75166
74536
77434
74905
76039
76480
77497
76111
75742
74527
76912
76219
74824
75994
80107
78091
76651
78181
76498
75004
75643
76894
74671
73987
74869
77578
78019
75301
78073
76183
71890
75607
77749
75256
77902
76021
75931
72286
74329
76444
72412
80017
76282
75058
76138
75346
74950
77281
76084
74518
79153
74194
76876
74662
73348
75229
77011
75841
75868
76570
75949
76813
77002
77029
75526
74104
73825
75670
76660
78316
72997
78442
76534
74905
73798
73789
75400
76606
74626
78190
77344
75949
73681
73879
76399
74122
74761
75463
76408
76822
74338
78694
76966
78532
73951
77182
76750
74923
75886
78460
78928
71701
75832
77650
75256
73321
75598
75292
74014
74824
73447
77164
75418
79081
75454
73546
76282
75562
73852
75526
74599
75985
76777
75886
74932
79009
76768
78055
76885
74086
73717
78523
75769
76174
75697
75175
78442
74833
75463
76507
74536
74995
74824
76696
78154
75130
75553
74950
76354
77182
73789
76147
77389
74716
74572
76273
75634
77848
73780
76867
78316
75985
74428
76525
74851
77101
78640
75130
73789
77308
74410
74572
78208
75760
76804
75067
76723
75139
75121
75256
76714
76741
75049
77659
77443
75562
74698
78559
72601
76264
75121
74878
76192
74482
73681
73123
77470
74842
74050
75067
74761
74608
73555
77074
75778
73492
78208
75625
74806
76192
75544
73708
77560
74788
75319
75940
78316
77038
77272
75796
76075
76840
75103
75094
80017
74653
75319
75328
77380
76858
76102
77731
75382
76822
76471
73726
79495
76471
75463
76120
76156
77578
77353
77398
76516
74698
74752
77029
75571
75688
77218
77551
78667
75193
76687
74635
78451
76120
77326
78307
74158
76102
74311
77839
77668
77632
79090
75211
74698
76705
75382
74545
76561
76579
78055
77281
76498
74392
77578
77191
76453
75103
77920
76471
76786
73141
74698
75427
77029
76849
76705
76984
72889
78253
78568
79387
75481
75148
76039
77803
74923
77236
79027
75427
75391
78010
76795
74581
76129
76579
74140
77308
76183
75526
74599
76624
75733
76633
78703
75013
77137
75841
76381
78676
77731
73528
75481
78199
77254
75571
74869
74752
76138
75418
76048
76885
76732
75598
76885
74266
75049
77488
74428
74410
73681
77353
77794
77479
74428
77929
73204
77290
71881
77470
78703
75508
76084
76282
74977
75328
73510
74617
80098
76399
77308
73510
73177
76291
74878
74905
75022
74230
74293
77272
75751
74887
75256
75103
75958
75391
74356
74977
77281
74104
76174
78712
74356
71449
78802
78019
75994
76705
75967
78613
75607
75400
73807
77947
76480
76381
74626
76822
76165
76534
74356
75697
74248
76732
77596
78073
76138
75787
76102
74545
74626
75670
75220
78622
75769
77821
77596
75076
77479
75814
77623
76129
75697
73834
77371
77938
75724
73933
76147
77200
76633
74491
76525
77956
75661
77479
75463
77371
76012
76381
75679
76984
77317
74500
76390
73501
78217
76345
77002
74365
75265
75139
75418
76489
74590
74032
74077
77542
73321
79360
75751
76858
75418
78343
77227
76093
75337
77893
76417
75346
74347
77677
75499
73105
76012
74230
75742
74077
76921
74950
76696
77695
75148
72943
74914
76111
77614
76534
76840
76489
74689
78532
75841
74599
79135
75130
75598
76975
76444
78532
75706
75751
78307
73600
80359
75004
73870
76696
74518
74878
77461
75247
75634
78685
76120
75778
75634
76012
75562
75679
76750
77065
77596
76309
76552
75598
76624
74392
76219
74878
76174
75364
78217
78361
77038
74698
75796
77731
76453
75283
77245
76174
76822
76759
73177
77407
76192
78271
75283
78208
74653
79171
78352
77344
75607
75688
74050
73141
74986
78055
74032
75940
74617
75094
75220
75886
77722
75616
76111
76255
74401
73960
76489
75004
75328
76876
76039
73411
74527
77479
75400
79639
76273
76030
75517
77200
77542
73933
74176
73636
76399
77731
77533
74257
75373
75490
76048
74815
76831
71197
74131
78649
77920
77560
76363
76147
78316
77011
77218
74482
77560
76066
74860
76003
75859
75004
74617
78973
73375
77002
78487
74500
78559
75742
75004
72970
76201
79153
78100
75031
75373
74275
74716
76543
76750
74608
77416
76300
76705
77398
78307
72178
77191
76543
76075
75877
73402
75409
77227
75508
72718
77173
76651
76381
77740
75868
74941
74383
76066
78559
73753
73798
76624
74608
74977
73978
76678
75040
77074
76300
76885
76759
76867
75364
78019
77938
72790
75589
75724
77605
76003
76948
72493
79621
77965
78865
73231
75832
74392
76255
76732
76192
77407
76120
77560
77857
76345
77137
75346
76300
75913
76732
75787
77074
75634
77461
77272
75085
75769
79675
75841
76048
76453
77281
78451
77101
76903
76480
77452
75688
74032
76030
76039
76732
74527
79027
79252
78208
76975
73825
70675
77380
78064
74878
76579
76066
78019
76129
77200
77047
77461
76291
76624
74968
78352
73060
76633
76705
74653
76471
76624
76075
76111
78019
76345
75490
76759
73699
75103
73096
78190
75985
75481
74752
74320
77677
73807
76003
75319
75823
79126
75634
75832
74923
74662
74761
78163
76876
77308
76813
79477
77506
73861
77092
76273
75364
77425
76363
74563
79216
77803
75247
76939
76174
77281
77929
72610
75247
75571
76093
75490
73591
75832
74635
75391
75535
75661
73969
77353
75850
77344
74437
77056
74338
74257
76147
77155
79216
75328
76237
76030
77659
75076
76795
75004
76363
76381
77479
77731
76075
76003
74095
76282
75706
76201
77416
75103
76192
77272
74779
76750
75472
72952
75346
76264
73510
74779
75238
75724
74023
73600
75058
78874
74716
75751
78487
75607
77740
74410
77704
75292
73717
76309
74158
77452
74905
76624
75931
75967
73546
74851
75364
78190
78253
75076
75706
74509
75625
76849
76012
76048
77578
75850
75022
73447
77263
76579
76579
76021
76552
73987
76453
75841
77677
75760
78973
76723
76732
75616
74905
77542
78127
80089
76282
75697
74797
75571
76408
75562
73879
75463
75004
77452
73870
77236
76525
73528
74185
77236
79135
78838
73726
74761
77506
77632
75688
73717
76804
75598
75643
73753
75562
74734
76579
75112
77938
75292
78928
78514
74788
75913
74014
75742
78118
76327
75283
75427
73780
74518
76453
75760
74761
73474
75220
75625
76363
80305
77011
76858
77614
76192
74878
75886
76822
72970
76210
79135
75715
75571
75895
76156
77209
77542
74392
77821
76120
74860
75769
75220
76516
75247
75625
77047
77803
76309
76615
75382
78001
74428
75508
74950
76462
77758
77695
75274
76138
74329
77704
79153
76813
76516
75346
76651
76795
76363
77614
76219
76174
73924
75346
76489
79126
74257
77794
76030
77389
75877
75094
77344
74752
77353
76867
79216
73024
76165
77245
76867
75895
77245
77974
74761
76480
74545
74545
73051
74212
75121
78361
78010
76894
78100
72421
74437
76417
76687
74743
77812
73888
74050
75634
77074
77173
79594
77803
76138
74779
75886
76984
77119
75958
78883
74158
74473
74419
78901
76327
75841
77965
78235
74032
76885
75382
75868
75823
71530
76354
75094
76570
77110
77029
75589
77173
77533
74257
79486
75760
77965
73726
74113
75319
74167
74896
72286
75967
74410
77479
77308
76858
77092
76588
75166
76966
77758
73744
74554
74203
78226
75094
76552
74419
76534
75004
74968
74536
76507
75373
76669
75130
75490
75463
73411
74950
77614
78298
75247
74149
75967
77389
75148
76444
77776
75841
77659
78622
75094
75517
74635
75553
76516
74248
76678
76354
77722
76516
78316
75472
75445
75769
75796
78928
76327
74905
74824
76093
76732
76453
74158
76408
76102
75490
75094
75346
77245
77371
72925
77650
74680
76210
75508
75949
75094
77254
77263
77110
75391
79540
77911
74149
77110
76318
76525
74977
78658
76453
76417
77092
74158
73798
77452
76957
75562
78793
75067
76741
76012
76237
76759
74095
76336
72934
73015
75751
76264
79171
74275
78577
77713
74392
76480
76615
75643
75562
76543
75166
77173
75778
76741
76039
74860
75643
77326
74491
76453
75337
77866
74509
76246
74887
78694
74491
75607
75157
78487
78973
76660
76588
74527
77803
76138
76255
76453
75445
76381
79144
79387
76507
77209
76327
74554
76102
76057
76291
75562
74599
75598
74248
78334
78316
78172
77353
78361
75616
73960
77686
74221
75742
77731
76075
74131
74743
75247
76579
77632
77884
76831
77227
77542
72178
74869
75229
74815
76201
73915
76849
75859
78046
74851
75832
75607
79495
74959
74950
77614
75463
75400
75229
75607
75535
76948
76408
75418
79018
75679
77362
75049
75697
75463
75913
79189
76264
75814
74860
75328
74050
77227
76363
73834
74905
77344
77272
74221
78397
74356
77371
75634
78127
76777
75157
75112
75400
77947
76804
76435
77326
77470
73753
78019
79306
75148
76606
76192
74851
74041
73681
76930
73573
72817
75751
75625
78316
77488
75859
76678
76732
76444
75292
75643
74320
77884
75022
78712
76714
73393
75517
73483
74644
77839
78892
74509
77803
75787
77038
78802
70540
79018
74851
77677
77092
75148
78730
76309
75337
75679
75751
78334
76525
76066
73771
73114
77056
77902
74383
76102
79279
76426
75184
75976
78595
75742
74437
73348
76759
77911
75229
74230
76804
77983
75517
74563
76462
77200
78109
76840
75004
75562
75598
78055
76525
74437
76993
75535
76885
75499
75805
75148
75373
76048
76957
75139
75535
77083
77299
75391
75895
75418
75508
73078
76696
72133
74284
74527
75193
75661
76948
76192
76804
75292
75994
73303
76651
78037
77164
79360
75877
78271
76768
73132
76741
75679
80395
76957
75121
81385
75544
75391
75805
75760
76660
75688
76777
77065
73861
76237
77488
76282
75697
74392
75274
75805
76417
74761
76678
74500
78235
76246
75589
76174
73762
73771
77542
74428
77398
75814
77380
76687
77920
78100
73600
76057
75985
77308
76147
75175
75481
77308
75841
76039
76336
73888
76894
78712
79387
74788
74725
72889
76048
76246
78784
78667
77767
75076
77146
76678
74599
75697
75499
76336
75706
78307
73186
75670
76084
73519
76777
75877
74572
76714
74284
73150
76939
77686
74833
77416
77560
74833
76390
75985
73123
73312
76012
76579
73915
76615
75913
77479
76876
75409
76219
76345
76777
75958
74383
72925
77479
77101
74176
75175
75445
74023
73987
77020
73699
72223
75337
73087
77371
74824
75472
76048
78046
74923
77002
77326
76606
75445
73096
77947
77092
72403
77839
74698
75850
77407
75211
77677
75742
75157
74923
76084
77668
77308
75049
77659
72790
77056
76840
73888
76012
76759
75184
72862
77569
75355
73681
75904
74815
74257
77218
74347
76048
77479
74626
74077
77542
78559
75526
74671
74275
77461
77650
76570
73681
75292
73780
75985
76840
75436
74266
74392
74401
77452
76012
75301
76237
74356
76030
78721
77218
76012
76984
74914
77794
73582
77641
76579
76633
77254
77479
75058
76687
76363
76210
76696
75814
79495
76183
75373
77119
75139
77047
75112
76174
75769
77317
76201
78892
75715
75841
76138
78334
76795
77587
77731
76795
75454
76849
75193
76813
75247
79162
76660
75661
75760
79792
78316
76561
76750
76084
80197
77146
75373
73123
75661
75886
73726
75625
75373
76678
76453
77785
76111
75859
73726
77992
78199
77722
76633
74545
76741
73375
75166
78478
76579
75373
76993
74977
76183
77119
77209
75382
75400
76255
76012
77974
77461
74536
74419
77299
77083
76957
74104
75598
75652
76201
75445
76039
75373
75733
77452
73663
77875
77695
78631
72736
78685
77560
76840
75931
77362
74419
76174
75922
77632
77137
73492
75661
74734
77101
77488
73753
75193
76408
76498
76408
77731
76885
74077
74932
78739
77110
78361
74707
75238
77191
73465
76993
76894
76489
76723
76336
76435
73978
75670
76480
74419
76732
78298
77515
71791
75994
75022
76606
75877
76885
78424
78154
77137
77299
78343
74743
75472
79981
75166
78550
75958
75292
76156
75922
75877
73582
75328
75607
76426
74590
74248
74527
76390
75454
77533
76291
75463
75715
76318
75598
75715
75202
78442
76255
75454
74662
77695
76849
76588
76003
73141
75220
77326
76048
74464
76732
75670
75706
77002
75085
77668
75949
77749
77506
75157
74707
76237
76813
76975
76300
74518
76615
77479
76660
76003
75319
75868
76309
75400
77290
76777
76363
79693
76714
75184
74176
78496
78298
74869
76237
76084
75976
76921
72718
77146
77353
77767
76822
79450
73996
75877
73834
76030
75202
76237
77533
74374
76849
75373
76975
77794
76858
73609
76966
75454
76147
75004
78307
76714
77992
75796
74455
78622
76912
75643
74941
74662
74698
75715
74365
76120
74221
78217
75067
75670
74968
75040
77947
76273
74941
74140
75157
73924
75031
75184
78154
76264
75985
74392
74626
78964
75706
77578
78118
73285
78190
77362
76174
75418
75193
74167
72313
79180
73816
73708
77785
77632
74860
74968
76975
76552
78325
80611
77056
76192
75211
76210
76426
76228
79522
78865
75544
77200
74671
78397
75634
74752
74356
73582
75454
77767
77857
74788
77623
76840
79027
76300
75436
74842
76480
77650
77281
77875
76381
73564
76246
75247
76453
75895
78892
79738
75445
75328
77335
72340
76930
71629
78253
76372
78271
76687
73276
79369
78199
78145
74455
75787
75877
74347
78559
76543
75625
76921
74500
73627
75337
75733
75229
77128
73816
77065
77812
74743
76588
76993
76147
74707
73933
75067
78829
76318
78982
75373
77119
74050
76084
76642
79261
75643
74617
75868
75976
76120
75202
78487
74491
75670
78334
78145
75454
75040
74131
75967
77344
74419
75508
75184
75607
77362
74914
75949
76237
76903
76705
78199
74932
76291
74932
76831
76309
78181
76966
74329
75679
73150
74059
79207
75481
74167
73510
74320
74185
76696
74266
74095
78415
74878
76759
78685
75580
75004
75175
77128
74536
77497
73654
72214
74887
77722
76867
77497
74095
73996
75535
76111
76975
76363
75985
75040
75355
75670
75103
74959
78298
77920
76579
75850
77065
74932
74806
76966
77164
76120
77992
78001
78955
75571
74617
76507
78415
77533
74869
76435
78082
74446
73825
76858
76615
76534
80638
74878
76516
73429
75481
74203
78595
74635
76840
76039
74446
76138
77578
71440
79441
76291
75589
76147
75535
75706
73960
76471
78181
78010
73798
77101
75445
75832
76282
78325
74338
77956
76300
75193
76633
75769
74527
75022
76237
74131
75112
76237
77326
73663
75283
76111
73654
75121
77497
75310
74437
76615
75553
76498
72952
74995
76048
74302
79027
75220
77767
77731
74626
74887
73807
75859
74743
77056
75274
71827
76021
75445
75508
75805
77542
74509
77587
76534
75679
74833
76129
76462
76408
76687
73636
76930
74842
73699
76390
77092
74140
77344
77317
74221
77119
76714
78487
76300
75247
77290
75076
76318
80476
77038
74626
75094
77416
73618
78037
74500
77875
78631
75688
76048
77344
77182
76210
76489
76147
75850
76606
77335
75868
77056
76498
77731
78145
77308
77740
73852
77488
77542
76552
79585
76300
75508
73240
74860
75382
75580
74374
73744
78073
75382
78865
75922
75490
78298
75256
75355
74221
76138
74365
75670
74599
73708
76345
74824
74716
77020
76750
76282
75364
79396
76606
76084
76543
74995
77263
75382
74428
77326
75571
75364
77551
76048
72583
75328
78334
76039
77101
76300
74788
75679
77758
73456
75904
73879
75337
76138
75985
76462
74455
75922
76894
76759
75364
76399
74266
75022
74194
77038
76984
74041
74041
73357
76210
73924
76804
74752
74716
75202
73375
75220
75922
76966
77200
74842
77317
74293
75004
74986
75310
77083
73114
77929
76966
76480
76093
77839
76237
75355
77200
77371
74365
76894
76903
75895
73852
75472
74455
75778
79252
76750
73978
76516
76363
76876
76786
74023
72493
75202
78352
76849
76138
76939
74311
78451
78271
79873
76651
75274
75616
76012
76327
75139
76813
76624
74590
74302
78712
74644
74932
76552
77254
76093
75760
74050
75571
77929
75724
76714
79054
75535
75364
76003
75139
75841
75085
76417
76966
73519
72673
77281
75562
79441
75328
75841
72376
75292
77974
75175
76390
76579
74275
78550
76210
76066
75697
76768
74518
75652
76129
74680
74014
74518
75076
77173
74806
75490
74608
76777
76579
75274
75040
74338
76804
75112
75454
77434
75814
78145
74140
74959
74887
77992
74608
78883
75076
76678
75373
75148
75157
77119
74527
76786
78523
77623
75193
76075
75040
76255
73366
77371
72619
75814
76669
78739
77884
75598
76903
76795
73591
76057
76867
77002
75949
74941
76687
73501
74590
77713
74914
75733
76399
75922
77758
78082
73708
76840
75418
73987
77830
74392
76813
77767
75472
76885
77182
74833
75040
74833
77317
74959
73942
78307
75895
74914
77677
73510
75724
73411
77461
76237
78316
76318
74689
77326
76840
74572
75751
76588
74068
75598
75409
75706
77065
77650
74824
74761
73591
76453
73240
75931
76552
76597
75103
75400
73816
78541
75769
76642
77812
76102
77227
76066
75742
72403
75940
76381
77524
74653
75391
76408
76669
75355
75121
76066
74617
76615
76678
74491
77830
76480
74518
75355
74554
75148
73897
78595
77128
77830
77416
74464
76723
76390
78406
77272
75175
77353
75553
74455
75040
78073
77101
77290
73843
74779
72151
75769
76129
79117
78019
73987
76003
78244
74968
77470
75166
76615
77974
76246
77785
74896
73528
74482
74824
73285
76354
78073
74563
76336
73699
77803
74770
75058
76597
77686
75229
75373
77443
75247
77983
75292
72889
77695
77245
79162
75931
75607
75670
75940
78199
74815
77164
76471
76363
76318
77425
77227
73978
73681
73159
77056
77344
74581
78469
74527
72493
77794
76381
78550
74113
76012
77335
76525
75877
78766
76579
74779
73627
73420
75310
74770
76453
75409
76876
76246
76939
75805
78865
79828
77011
74860
74671
75967
77650
79810
74662
73771
76426
76453
76894
74905
76183
76246
77353
75193
76597
73114
78595
77110
77929
77182
77893
75436
75211
77407
77353
77236
76012
74527
76093
74176
77776
75463
75724
75886
74527
76120
76498
75760
75931
75418
77038
76570
76552
76075
78775
75706
77146
77713
75796
77488
77866
75157
75418
76102
75787
75085
77965
75751
74878
76867
72700
76228
76921
75868
73303
79801
77470
77137
78901
75526
77722
78496
77110
78244
75535
75031
74050
75445
77218
76858
76480
77830
73330
77254
77551
78289
79567
77029
75985
75418
76606
76174
76741
76876
76399
75247
78595
76273
74257
76417
76534
77218
76327
76156
74203
76867
75922
77749
76957
75166
75940
73258
78019
77038
75688
75751
76273
74563
74050
77353
75778
78496
77281
76732
75742
76921
77848
77083
76165
77308
75706
74491
76507
73249
77236
75058
75040
76282
72394
78082
76822
73600
77713
73204
75436
74365
77902
76426
77344
74950
76156
73582
78145
77677
76354
77542
75103
75238
76228
74527
72547
74941
76453
75364
78397
75985
75904
74905
77848
74329
76525
74014
75679
77542
77506
76822
76768
74896
75409
74851
77443
74815
77713
76750
74167
72871
76912
77056
74914
76984
75697
77425
75436
79423
75616
76939
75526
77776
75346
76372
78082
74797
76039
74059
78334
77056
74698
74725
74842
74428
75094
76453
77785
74635
73492
78937
80053
74185
75355
74410
76624
76894
76858
77830
75355
77164
76588
78640
73888
76957
75517
75040
78055
77515
76237
74536
73582
76363
76561
76534
74806
76849
75463
76399
76417
77452
77605
74752
78370
76300
76741
77479
75229
76795
76687
76210
75688
75949
76489
77740
75040
76012
75508
77398
77443
75679
78397
78613
75562
78676
75139
73951
75085
76021
76201
74266
75976
78136
75337
74644
77281
75778
78397
76885
76174
74977
77965
74338
78847
74842
74329
75229
78568
76705
72430
77803
75427
77002
74554
75544
75796
76417
74158
74905
75184
76165
77551
76615
74959
78154
76408
75751
76525
78154
76120
75328
77047
79090
75976
78046
75904
76723
75787
75967
77272
77101
74140
74113
76300
75157
75346
75949
76786
75904
73429
76597
76651
75931
75850
75175
77650
79567
76075
76345
76354
75382
75616
77578
75265
77218
77542
76687
77632
75643
76156
77425
75913
78127
77326
77686
76930
78199
76228
77812
76651
73375
75418
74059
77128
74446
76318
76399
76111
77389
78406
74959
76138
73411
76840
74941
79828
78910
77713
77884
75526
76408
78847
75751
78055
75076
75814
76993
75301
73483
77506
78298
77803
73618
75211
74122
76084
74392
78271
75166
78766
75859
76129
76678
74788
76804
77641
71863
74365
75346
72133
76849
75481
72691
78667
75949
76417
75634
75184
74185
77137
74932
76327
76255
76183
78055
77776
76606
73510
76003
75832
76318
74761
77380
74113
74923
74806
78091
74752
75139
74131
76138
74248
73753
77515
76678
76768
74257
79981
78010
78892
77443
77290
75139
74977
75616
77470
75193
74824
75193
74158
76840
73222
77281
75040
75976
76759
75148
76228
76291
74023
78370
76759
73042
76912
75265
77353
74986
75499
74212
76777
73573
72457
72358
77776
76543
75706
76795
76480
77011
76318
77038
76318
75418
76228
75508
75112
76831
76093
76327
79045
77191
77227
74914
75553
76399
78064
77137
77920
75850
78019
75922
77974
76039
77389
74941
76849
79504
77668
78541
75211
78181
78343
73132
76894
73879
75148
77029
76210
73447
75238
76021
76003
78226
73645
76669
77299
75220
74887
76138
76669
74644
76759
73537
76489
75427
75985
77920
78334
74140
72538
77677
75400
75535
77245
78316
74914
77497
76021
77695
74581
73735
75679
77173
75004
74779
75517
79243
73321
74644
75049
79018
76255
75400
76021
78433
76651
77056
74590
76228
72979
75445
77470
77380
78010
73978
74707
74995
74806
78793
77317
75598
77650
77218
74887
74977
77713
76579
76525
77686
74491
74653
75805
77137
76480
75904
78460
76444
77038
78172
77002
77056
75409
77605
75112
75922
74239
79396
75679
74554
76561
75211
76489
74680
74095
79270
73942
74932
77002
78928
75679
75760
75058
72556
73654
73933
75463
80296
76876
75877
77038
76165
75292
73906
74860
73276
77200
76984
78847
78658
76138
72835
77425
78730
73195
74356
75022
75517
73456
73573
75589
78451
78244
73447
77650
75031
75247
75184
75805
76489
74950
76651
76309
73438
74698
72349
77452
78748
76228
72511
75499
77056
73096
74068
76993
74032
75112
77866
74275
78721
73618
72304
75778
78208
77452
75859
76777
77344
78595
76615
75778
76615
75517
77929
78352
76831
72178
76012
73951
74662
73051
75220
77839
75328
75796
77398
73987
72601
75373
75274
76228
75553
75292
75400
75310
75391
75535
75886
76858
75103
74428
76552
77200
76858
73843
75148
76237
76165
77875
75823
75535
75499
79963
73600
78154
77965
77281
78172
75049
76003
77236
76345
76453
79567
74419
77272
78631
77110
73069
76444
75958
74167
75778
75859
75508
76309
75895
75310
76354
76030
75778
77524
74518
76453
77632
76003
76606
73240
74311
78316
76129
78064
75814
75868
76543
74887
77020
76687
76885
76462
78388
75688
76156
77452
74275
76003
78127
74644
77290
75895
75508
77407
72961
75049
77173
74770
73654
74554
76138
78226
77821
73861
76210
75841
79270
77776
75481
76219
75778
75427
75922
78514
76723
79252
76732
75319
77380
76633
74734
76345
76156
73807
78019
71611
75634
74671
77929
75805
75094
73834
74734
73213
76624
74167
77110
73204
77569
79675
73195
78253
72682
75895
76705
76723
75949
78028
77326
75058
73690
74419
75841
76804
78019
77956
74293
73429
76435
76291
76183
74311
77434
73357
77020
74302
77560
76822
79495
74113
78127
77515
77047
74482
76111
77587
76705
76705
76291
74149
75868
75508
75571
72727
76111
77686
73303
77326
77101
76570
76534
74878
75940
76687
77011
76543
75877
78379
76714
73222
76840
76282
74383
75121
75193
75589
77110
77047
76453
75571
75490
75589
77083
74932
74500
77488
76660
75598
75769
77677
76633
76768
79864
75607
78613
76741
77893
72889
77740
75769
74221
77695
76030
75508
76678
75517
75877
77416
79072
76921
74761
78478
79027
77389
76201
77101
76741
77533
77371
76426
76525
73330
74761
76696
74779
75445
76165
76417
75499
79036
77317
76075
74383
75427
77416
74590
75661
75913
76471
76030
77029
75607
76840
74536
75157
76642
74293
77407
75787
75481
75634
77605
79423
76813
76273
73411
77578
77380
72889
76597
73213
74023
70738
77245
77794
78856
76147
77074
71854
77146
78091
75319
78505
76354
76354
75571
74032
77767
74860
77164
71602
76534
75508
76309
76363
75625
74536
76291
74266
79873
77992
77200
77893
76507
74959
75490
75094
75931
77893
75940
77821
75607
72979
75319
75670
74266
77713
77191
75760
76903
76210
76300
77632
76327
79216
76354
79846
76606
73717
74095
77461
75607
74779
72376
75940
76777
73879
78073
76255
76174
74284
76525
75040
76597
77695
77632
73051
76282
76768
74275
75859
76228
74995
73267
74455
77578
75976
74356
74482
77371
77272
75337
77200
75913
76183
74032
72088
74743
74833
75283
77164
75247
74851
75778
74770
77335
75211
77902
76957
74950
78910
75850
77011
75517
78064
75481
76939
75427
78118
75634
76039
75715
75175
71719
77119
73816
76093
79405
77839
77065
76003
76255
72727
75301
78091
73852
76606
77776
76084
77002
79468
76309
77371
74626
75823
76273
77299
77227
76498
78271
76804
74419
76219
77974
74023
73834
77965
75778
73375
74527
74077
78505
73411
74311
78010
75733
76417
77137
76435
76588
76858
76822
76012
77533
77875
75508
76732
76210
74770
77047
76264
78676
77344
75724
78442
74149
76993
76777
75049
75409
75139
75139
74896
75382
77803
75022
78649
74923
77416
76759
73708
75985
76516
77380
75985
78091
74275
72502
75148
76732
75247
76948
75148
72727
74725
75418
73519
77569
76615
73888
77740
76732
75283
75454
78631
76660
76507
75562
77479
78343
78019
75769
75382
77308
77632
77299
78991
76669
76966
78019
78757
74644
77812
75049
72934
75679
75184
74932
76660
79009
78613
75472
77803
75013
75598
74815
75490
76912
77263
79558
71611
78262
71026
77101
77353
75292
73735
75130
75778
76885
76174
73555
77659
76318
75778
76633
78586
75238
79234
76867
76651
75841
76534
76111
75373
78199
77740
74743
77173
76426
75778
75832
74248
76732
75985
77470
75058
75994
78640
76210
73843
76012
77074
73159
76048
74392
77047
76831
75760
74419
77461
78838
74752
73366
76039
75535
75805
74554
77083
78739
80251
75544
76732
74176
75688
75661
74473
77002
78775
75661
76507
76786
74599
73852
78073
77686
75940
73231
76093
73312
74455
78073
76561
76372
74563
76030
74977
76057
76507
76984
77650
74023
75823
75598
73591
76066
73780
76912
75481
78865
77074
74923
73114
76120
75463
75481
75589
73726
76714
75571
77389
78829
76453
77299
74752
73330
75697
74410
77506
74626
72997
73942
78829
73456
73663
74437
77641
75400
74374
76480
77974
75715
76408
74545
75832
76021
76723
76489
74509
77110
76624
77011
75490
77173
79198
73699
77542
75130
76453
78982
77605
76579
77236
75571
75931
79612
75067
75571
74815
75706
76930
74851
75625
77344
76012
77677
75067
80278
75787
73375
79990
77488
73987
76480
75535
76516
74815
78469
76489
77488
77425
77326
75652
77272
73150
75391
74581
77821
74635
76093
72034
75706
75643
72844
73186
78577
76525
76831
75391
78082
78172
76750
77038
76858
76336
77182
79540
75553
74338
75805
74959
75661
74770
76633
74941
74374
76417
76129
76264
73087
75688
74545
76066
78289
74842
76723
75679
76120
76192
77839
75931
75400
77020
77236
74203
74050
73987
75715
75013
75499
74167
73915
74878
75760
74158
76777
76165
74590
74905
75769
80431
76831
78334
72916
77479
77857
75850
77047
78091
75211
76390
73852
74455
75094
75949
78109
75265
77443
74500
74797
76876
75508
78001
73213
76732
74284
77074
76840
77650
76399
74347
75706
74239
77434
76183
75958
76750
77857
74725
76345
75886
77371
76480
78757
77560
76642
75868
73762
77920
75247
75337
77110
78064
75724
75976
74878
74167
75526
75472
75202
77812
77857
74833
76687
75778
73897
77083
74959
74806
74446
81115
75022
76957
76336
75004
75931
75418
76165
74635
74896
77326
78019
76102
75211
77362
74905
75562
75778
75985
77596
78622
78307
77362
74860
73303
74815
74248
77137
77074
80062
74698
73510
76057
77173
79108
77299
75967
77029
77074
76777
76714
76381
76462
76516
77434
76183
76084
75238
74617
75004
77128
75904
73384
74662
74581
77812
75202
77236
77209
78919
78460
76516
78514
76480
77326
76858
77929
77722
74725
75859
75157
77299
77857
76741
76633
74311
77380
75103
78073
73798
76588
74581
75931
78172
75769
72799
75121
73933
74482
77488
73654
79360
77866
76975
76030
75841
76525
77263
73789
77938
73690
78748
75778
78289
77272
76507
75022
76732
76678
76552
76606
78163
76435
76669
76453
77866
77182
74176
74014
79828
75922
74590
73942
78154
75337
75625
76075
75310
78235
73177
75238
78586
76363
76219
77326
77074
76777
76381
76885
76822
79153
79216
74635
75373
74590
75499
75625
78001
77398
77227
75157
74644
75625
75337
75076
76363
76822
76264
78280
75175
76156
73924
75634
79027
76786
75409
77497
75922
73528
75949
75040
76363
71836
74374
76498
74041
76498
73258
73591
76228
75688
75544
75652
76588
76183
75139
76615
73906
72952
76885
74599
76390
76219
78244
75463
74500
78262
76372
75076
76156
77920
73123
78586
74500
76696
78793
77785
76588
75814
75994
77362
76993
75157
76309
78622
77110
75040
78154
73906
76345
75670
76687
76390
75517
80161
75751
73843
74590
77677
78280
73690
74032
75058
76597
77119
76210
77083
75922
77668
75526
74635
74977
76399
74626
76084
77047
73753
77263
76768
75544
75094
77875
76435
76606
76084
78460
78073
75967
75823
77443
74023
79648
73879
77335
74050
78523
74410
77236
74788
75481
78073
75166
74752
75994
76750
75760
75472
77020
78631
76417
78478
76201
75571
75220
75868
75283
74572
75787
75634
77038
75373
75400
80323
78172
74320
73663
75778
76507
76300
76858
74599
76498
75409
72772
74509
76345
72763
77605
75238
73105
77839
75499
73087
78316
75733
76876
76939
76237
75310
74095
78226
76615
74887
73204
75571
78460
78316
75643
80602
75094
75220
77173
74500
73816
75850
74320
75985
77677
77866
74914
73627
76606
75598
74644
75688
75607
77605
78091
77056
73933
78514
78037
78433
75202
78577
75076
76183
77515
77038
78469
73969
73546
74680
76894
75319
77146
77515
73258
77506
78370
75319
74419
72106
75652
75625
76705
75310
73546
77587
75886
73834
77074
76039
77065
76930
77227
75292
77551
76777
74563
76768
75283
79351
76417
75256
77704
76021
73780
74266
76120
77200
76939
78082
79684
76039
75643
76570
74734
74968
78379
76678
77002
72403
74023
77290
78118
75391
71332
76453
72151
76426
75409
78847
75940
74212
75850
80206
77803
75337
76966
76579
77344
78109
75364
75643
73042
77137
76327
76642
75094
78604
73591
78172
76336
75598
77452
77137
76264
74869
75580
73222
73861
75769
75067
74842
76471
75481
75157
75463
73690
76318
79108
73762
74842
78352
73213
77524
74815
75553
76840
77902
74968
74329
78073
76138
76570
77596
75166
73114
73888
74302
76858
73321
74464
76174
75634
75841
76453
75670
75688
75985
76291
77911
75679
75337
76840
75112
77011
77371
75130
74473
76021
74671
78028
77425
75643
75886
72727
75220
78316
78514
73141
75184
75337
73924
76192
77308
74761
76003
76660
75940
77254
73087
76624
76795
73231
76462
75931
78172
75508
78685
75544
78676
76552
75526
77155
77038
74752
75562
74743
77686
74635
75193
74365
77893
75283
77218
74257
75040
75058
77227
74635
75814
77137
74950
77290
73510
76642
76390
74815
80800
76975
76939
75760
75463
74230
76579
75319
75796
74599
75256
78802
75985
77623
75562
76624
78505
74914
74302
78811
75679
74851
77434
76795
73186
73240
76903
73942
72925
73339
73735
74995
77290
75553
78730
76498
76444
76390
75067
77668
72205
76030
75193
78424
77344
76543
77362
79486
76444
76678
76966
74122
76408
75112
73960
76678
75823
77830
72196
78703
74356
75823
74860
74005
79189
75760
74851
75463
76633
75211
74158
76579
74266
76345
77191
76327
73051
75211
76804
77299
73510
76948
75544
75562
76444
77101
76255
75508
74437
77524
77137
77029
73789
77443
74680
75103
76579
77065
75436
75841
77056
77497
74311
77668
76138
77992
75490
74563
77362
75445
75598
75607
74239
76471
74905
75085
76507
74167
75418
75058
76930
74518
78298
76822
75409
76075
78874
75535
75013
73960
75292
72484
75382
75832
78046
75742
77632
76777
74671
76822
77056
78964
76624
78604
76984
76102
79360
76525
76921
75517
75121
79747
78217
73645
76147
74761
76237
75913
77983
75535
77578
76588
73807
76147
75904
78109
72826
72817
76579
73456
76066
74554
76156
75103
75481
77209
74761
76606
74347
76444
76723
76255
77074
74725
76246
75535
74887
76291
75481
75841
76363
77524
75697
73555
73141
75409
78226
78127
75742
75094
74221
78883
76372
76687
76939
76624
79900
73474
76237
74131
76462
80674
77020
76543
74329
76462
76003
78514
74860
73555
79882
75067
78217
75256
78532
78163
74095
77191
74527
77398
74995
76534
77821
77065
75337
74545
75481
73780
76912
77038
76255
74014
76345
79540
77047
76390
77011
76363
75184
77731
77101
74194
74563
75337
78442
75679
75949
76444
76489
77218
74986
74923
77065
73879
74068
76993
75652
76894
74329
76552
76102
73636
73528
74320
79018
75184
77740
74032
75175
76489
78433
76606
75121
74509
72313
75508
76444
75751
76975
76444
73573
77677
74869
77128
73312
77650
73897
71557
75778
73762
73051
75499
76147
77749
77335
76669
75778
74815
75490
78334
76327
76183
74698
76822
76777
75940
75796
73969
76813
76543
77506
72853
74671
76048
77452
78685
74734
74428
77173
74401
76912
78055
76228
76075
72565
77065
74590
79351
76804
77074
71881
76597
73582
78046
75499
77839
77083
75490
73816
76102
74059
74140
78964
75040
80476
73105
73546
76930
76804
75310
75958
77461
73240
78595
74500
76426
77290
75310
74806
77893
78010
75670
73690
74176
79360
71404
74887
75130
77146
76210
73501
77362
73780
78991
74752
75796
73330
74401
75409
74113
75346
76426
72745
79306
76723
75562
74761
73843
74158
75985
75463
77137
75085
74671
74185
75796
75571
74257
75076
76183
74635
79297
77002
76219
73645
76381
76057
73231
77884
76750
76957
75346
77956
74077
74797
78181
78343
76030
79720
79963
75085
76831
77173
77758
76390
75400
75220
78208
76390
75661
74500
74833
76795
75553
77983
76660
75886
79567
73186
76741
75517
78757
77542
76012
75787
72970
74500
77218
75679
75517
75427
77452
75193
76408
74671
75256
77299
76885
75832
73897
77002
77857
73933
76138
75319
78847
73699
74995
74059
78442
77371
76417
77551
75337
74689
77425
76966
76993
76669
76804
75778
75823
73555
76237
75796
74788
74095
75472
75616
73168
73780
75481
76354
76336
76723
78217
76381
78019
74788
76597
74509
76822
73330
76372
77047
75301
77470
78361
76102
78676
75202
76516
78118
72313
74923
76615
75895
75715
77875
75706
75256
76894
74824
78100
77803
75706
78037
75850
75211
76003
73105
76552
76345
75634
74923
75724
74176
77227
76849
76507
73429
78253
74437
74887
76498
72322
76624
77074
76588
76768
76075
74860
77875
78640
75220
75238
75931
76579
78262
75526
74905
75571
76615
73609
74923
76381
74356
79270
76768
78343
77740
75148
76444
75769
78424
75013
75301
73789
75976
77983
78289
79279
74113
75652
77992
75463
78496
78820
79171
77983
78883
77434
78640
76273
76507
75391
72943
75085
77200
77992
75841
77110
74950
74401
76669
76696
75427
77362
77245
76111
78154
74347
74104
78937
76552
78046
74338
76093
75229
74914
77020
76660
75013
75490
76948
76714
73708
76030
78649
76516
79522
75418
74977
75616
77038
76156
75085
75364
74455
77038
74320
79243
75202
74671
73258
74905
76948
74302
75769
77290
75688
77191
76210
77083
76966
78055
78559
77119
76777
75724
74590
77443
76714
72628
75382
74671
78136
71170
74158
77434
74851
78541
76939
75805
77893
75139
75193
76381
78712
72052
75463
78334
75427
74428
75040
74356
75427
75553
76093
76390
76039
72943
74842
76615
75625
75859
75445
74932
77542
75175
73438
78730
75625
73402
75022
75985
76111
72799
74167
76048
76417
75040
79261
77587
77920
75319
75247
73924
74599
77092
75841
75895
76012
76327
76003
75994
75850
75013
77497
72952
78181
76876
78388
77011
77038
74266
74329
74347
74122
78514
74104
75445
78343
73555
74392
75598
75589
77659
74239
74671
73870
75121
79828
75733
76642
75040
75202
76957
73159
77362
76363
74527
75508
73447
74500
75571
75499
76192
75832
76534
73717
77785
76552
77029
75436
77164
75463
75787
76039
74995
74374
79180
75328
77317
75958
75364
76651
76543
78901
76426
75175
79324
72682
75607
78973
78370
75544
77290
76525
78199
74473
75256
74860
74644
75958
78136
73798
75778
76039
79126
79999
77767
75058
75319
76507
76327
75958
77137
75211
75490
77686
71854
76165
76264
78559
75301
77308
77839
76912
74617
76804
77200
76381
76822
74689
78262
78217
77668
77974
76714
76084
76651
77623
75004
78046
75814
79099
75085
70621
79972
75481
72646
73780
77731
75184
76075
75814
76651
76894
77641
77029
75535
75949
78028
76399
76426
74896
77416
77749
74410
76876
78028
75895
76498
77443
78856
76786
75625
74824
74194
73393
75931
74347
75823
71080
74518
74635
77848
75418
74347
74662
77488
77182
78001
77029
75085
78235
76426
76489
75742
76705
74905
77677
78568
75760
75031
73888
76111
77947
77614
76048
78973
75796
77209
77227
76453
75481
73969
77317
74347
76651
78055
74716
72718
73348
75760
73771
75949
75580
79792
76327
74329
75184
78703
77974
72493
73852
76921
77128
76129
75535
76660
75670
75202
74293
77425
78001
76804
77173
78505
75094
76714
73744
76696
75814
77479
75175
76768
73609
75967
76660
74023
76021
75391
74563
75040
76003
76093
75859
77146
75913
76012
78442
76579
75463
74824
74977
76156
73825
79702
76021
75139
76948
76534
77524
75328
73807
76498
79342
74662
76462
75049
77641
75337
76489
78694
77137
78469
77236
76084
75472
74185
79045
73609
76624
74932
75067
75040
76768
77137
75238
74473
75328
76858
73483
78811
75949
76723
76669
75490
78091
80566
75427
77200
77029
76570
76300
73474
74680
75625
75652
76867
76804
74482
76579
76390
77767
75085
75247
74734
76345
76246
79855
78235
73933
74347
75571
76993
74950
78181
77947
76993
74995
74860
76102
76327
74212
73609
75589
74068
75958
80314
76894
76435
75796
74905
76462
75562
78298
75274
76714
76714
73168
76453
78361
77191
73249
77371
75364
78469
75769
73744
76642
76570
77200
74464
73474
75265
77209
79360
76714
76759
75094
76957
78343
77371
75256
75112
76363
75850
77083
76993
77362
77641
75778
79657
75823
75067
75085
77164
74365
75238
76057
77641
75364
77263
79090
74635
75310
76246
72682
75787
74113
76642
77164
76471
79504
76237
73600
75715
75598
74635
76498
76804
77209
74833
76534
75391
74122
75886
73654
77092
76246
75382
74248
79162
75445
75706
75634
76444
76588
76075
77254
75859
74716
75544
78784
74509
75328
77902
73501
76606
75085
74212
77668
75607
76597
76399
76300
77731
75931
73420
75634
75526
73015
73456
77092
75364
77434
75652
75967
76687
74986
74383
76966
76219
74248
76570
73780
75265
75202
79576
74104
76111
73411
79477
78703
76336
74761
77551
78190
76741
77344
75418
76633
77767
74806
75859
77857
76705
78001
76894
76354
76039
76237
73591
73582
73645
79954
76651
77479
76111
75580
74842
77299
70396
74284
74581
75391
78190
74590
76561
73744
75355
76345
76192
74401
75877
77056
77182
79864
76786
75184
73933
77272
76651
75814
78478
77074
78064
75616
76876
78010
76588
75274
77308
74068
78208
79342
78199
75868
77758
76786
75058
72988
73105
73150
74527
77659
78253
78082
78595
73024
76291
75283
76777
75616
77326
77416
78199
74995
77569
74788
77524
75355
73753
73492
78865
76939
74509
75166
74302
75490
78910
78019
77047
75634
77083
77848
77308
78289
80269
76867
75769
75769
75220
74761
75733
76093
76156
78379
78136
75184
78352
76453
77110
77686
76462
74806
77704
73105
75265
72619
75985
77488
75796
76750
76417
78775
76354
79396
74833
76579
75436
73240
77956
74122
74842
75166
73717
78001
73735
78703
76066
76219
76471
76696
76705
76480
80206
75274
74419
76372
76084
75238
75634
73384
76633
77398
76858
76048
73825
75958
74662
76003
77065
77200
76084
76840
77497
72754
75346
74923
77317
76219
75391
76201
75400
77245
75571
76462
77380
78424
77758
75949
77200
74986
74806
77911
76390
77668
74986
73402
77020
75724
78361
70945
75445
75787
76228
77002
75148
76390
76228
75886
76408
76732
74248
77398
76741
76147
76804
74698
76255
75472
76327
75571
76309
76732
74041
75463
76993
75904
78199
73204
74293
75319
76705
72205
75688
76813
77659
76759
75994
78046
74212
78604
73546
76030
72493
74851
76561
74752
76660
75229
75094
73852
73501
76327
77173
77263
77461
75949
77470
77398
74743
76894
78235
74203
77470
76066
77263
73798
78361
75238
75031
78442
76021
76498
74302
72979
74788
78352
78838
73645
79558
77443
75364
77056
78226
77470
75796
72772
74257
75058
75670
73555
75499
78172
76255
76489
76210
76894
77722
76525
74824
75553
75157
75994
77254
71953
75571
76507
76021
75958
75967
77776
75490
74167
76021
77767
75598
76759
77785
75697
76300
77461
76345
76831
76687
73303
75499
78469
73888
73753
76399
77776
76948
75202
73924
76489
77137
75472
72214
77038
73933
76768
74815
79549
77749
77515
72466
76390
77542
75958
77785
74770
79315
75904
73753
76606
74734
77641
78307
79126
74401
75220
76246
74653
78982
77965
74869
79351
76885
75040
73501
77389
75535
75994
77038
73366
79558
78361
74392
74419
75742
76858
75364
73483
79333
75913
76417
76273
75877
76291
73771
76093
75706
77722
74806
78307
75967
76453
78442
75940
74473
76732
75733
77677
74986
77830
73951
76741
76993
74707
78379
78946
73528
78604
76669
75094
74239
73465
74473
75274
74815
76759
75535
76228
76606
77002
76579
76633
76273
75760
75391
76750
75490
73483
77749
76021
74887
76588
75814
78118
77047
77632
77479
77065
74887
74914
75310
74536
78163
75589
74140
76129
79756
74851
76543
76687
76219
76948
78010
72358
77677
74779
75004
76246
76759
78316
75589
75337
77209
74509
76111
76363
74806
76615
74527
77371
76894
75463
76948
76345
77713
75202
75751
75589
73735
74356
79828
77083
77173
76732
75067
76030
75031
77803
75886
74509
74185
78307
77785
77902
78631
76588
74860
73951
72664
76777
76984
77704
78127
74788
77173
76390
75427
74527
75193
76093
76057
74842
76885
77596
77047
77803
76318
75517
74545
77452
77470
75841
75265
76471
75715
77614
74662
77371
73402
79810
76831
77902
77029
77398
75067
74806
76372
74743
75085
76138
75076
78127
76606
75499
75139
77146
76381
76084
75058
77398
79306
75130
74437
75157
74239
75310
76534
75850
77362
74536
74410
76822
76813
74626
74698
76363
76246
74536
74284
76120
75697
76831
77731
76390
76390
78118
74977
78919
76867
74455
77740
77389
77146
74014
78496
73519
76093
76930
77173
74950
73195
76543
77596
77515
78847
73897
78442
75463
77920
76876
75958
76624
78406
75490
78172
74509
76084
75121
74725
76849
73690
77776
76264
75598
75499
77677
76453
80773
77650
72241
75715
74824
77704
77092
73987
73555
76813
76732
75472
76984
76228
76426
75391
78811
71755
77119
76453
75463
76741
76246
82123
74077
77866
78172
75040
77272
77434
75391
76201
75670
78532
77524
74131
75868
73591
75841
75481
78334
78874
75688
77218
77677
75571
75859
73294
76543
76075
77101
75607
71548
75733
76075
74851
77074
74491
75139
75202
76768
77317
76183
75157
74284
73906
74734
78010
75895
76444
74212
74923
75013
73870
77470
76003
73933
78010
78361
76165
72898
73663
77623
77542
74806
76534
75445
78811
76957
74635
68767
75562
78073
79567
76480
76606
78757
75328
74113
75139
71476
75049
75364
78199
75985
77479
76318
76381
75373
76120
76408
76183
79378
77245
73519
77632
77146
74437
79288
79342
78172
75031
76912
78514
78595
77056
78397
76030
72718
74473
75382
75139
77704
73888
76147
75121
75625
73888
74275
75004
78055
73978
76705
78406
76309
78586
75922
75175
76741
76813
78109
77551
76849
75490
77974
74653
76723
74077
73411
77200
77263
78154
75805
75553
76453
78793
73276
78271
77146
76039
79144
77299
76903
77146
76336
77272
77659
77065
77920
75283
76147
75616
75436
78883
76561
78838
77497
73627
75355
78100
75679
74500
78829
77533
72178
76822
76651
76300
74428
77821
76237
75508
72016
76273
74563
79495
73177
73474
74986
78622
75697
75751
76030
75166
74689
73969
75985
74833
76759
76957
77686
76930
74824
74833
76858
76993
76714
73240
76084
75265
78109
76948
75193
79144
75652
74689
76282
77722
73771
75436
78622
76426
77866
76048
78370
76534
76291
74653
80197
74914
75274
78613
77011
77119
76867
74041
77029
75454
72736
74536
80224
76255
76408
77173
77290
75274
75436
73951
74185
72727
74914
74905
78865
77173
75130
78694
76579
78532
75985
76660
77488
78001
76201
75454
76066
78991
74842
77488
75463
78352
75004
74023
74914
73924
73888
75319
74554
76498
79315
79981
73465
74437
76012
76921
78424
75400
73771
78721
76678
75211
79225
73501
71764
76984
76507
75103
76588
74050
78424
76498
76732
72484
73897
74113
77254
74104
75625
74752
77992
73861
75247
73717
76309
75994
73438
75301
78424
76498
75787
77479
78406
74176
72970
73915
73006
76750
74581
75562
75643
74293
77686
78946
76849
77344
74464
74374
76957
76579
75094
75481
72520
75958
75328
77029
76120
75094
76525
77173
75670
75310
75886
72862
75112
76912
76759
75589
77398
75805
75985
74104
75184
75373
78721
77137
74752
75787
78073
78028
76966
74815
77254
75850
75310
75526
74707
74671
78424
76606
73699
76804
76246
75436
75148
77272
74266
74311
75220
73906
74644
76471
77551
77902
77479
76057
76102
77704
79072
74401
74401
76444
77227
76867
72664
76084
72835
75976
75976
77542
76768
78487
76138
78163
76903
76390
76552
75760
76462
74185
75643
75940
76372
77290
75148
76714
79603
78298
76237
77488
75796
78973
76957
77767
76804
78406
75076
76543
77128
76354
76732
75553
76417
75076
78703
79801
76363
75319
75805
74248
77020
76597
76939
73861
74518
75139
77191
77209
77578
76615
76759
73249
77506
75751
77650
74572
74824
75526
75247
75040
77623
76948
74725
76066
77713
74770
77434
77866
75229
76012
73708
73483
75517
76165
77380
75742
73366
76273
74815
71602
74482
75121
74860
75769
76894
74500
76633
76138
76012
76849
72250
75364
74887
74779
75985
78208
76669
73069
75067
77218
75382
74140
74230
75445
72898
75454
77362
75436
76354
78280
78406
78586
78163
76444
78163
75751
75859
73024
74140
75076
74545
75004
77299
73753
76111
76660
76336
78568
74059
77965
76930
76741
75382
77002
73114
74140
76147
75283
74374
78199
77335
74437
77200
74527
71890
77587
76138
75742
77938
74716
75337
77605
76669
75031
76093
79180
77227
74050
74644
73348
75778
76534
75787
73933
76039
72736
76651
79450
73582
76165
75697
77776
75508
75220
72457
76201
75175
78712
75985
76975
76300
73240
77362
74878
75841
77092
70594
75193
77434
73285
78208
74329
77011
72403
75742
74698
73852
77110
73861
77713
75688
75553
74320
76849
76237
75337
75490
76012
77344
77452
78127
74959
76462
76885
75868
76147
74905
78019
78541
75013
74347
76462
75994
76012
76732
77443
74689
75868
76804
74662
75904
75535
77038
75463
74248
75535
74968
75913
75832
77614
78307
77425
74743
74860
78091
80215
78469
74815
74473
74698
77443
75760
74707
76444
76408
74590
75553
70774
78244
77092
75013
78001
76624
77713
80809
75319
77722
76822
75679
77470
76561
79189
74266
75706
73771
75913
76129
76795
74986
73474
74527
76975
79126
79099
75787
74734
78460
77137
75409
76768
75697
77650
73267
76165
77731
76174
74824
77632
77974
72556
75994
77740
70252
73690
75877
75706
79135
73852
74995
74842
76300
74626
77326
75913
75202
77137
76282
75823
76867
77416
73816
77515
74707
77263
75112
76426
76219
76075
75103
75553
77101
74626
77551
75850
77353
76750
75553
75769
75382
76534
74554
75364
73555
77353
75256
76291
77362
76093
75598
76624
79054
77488
75310
75571
76048
75787
77020
74320
77560
74869
76084
73942
74491
76264
74860
76795
76822
74131
73357
75976
77308
74572
76642
75130
78316
77839
74032
75580
75850
74635
77443
76759
75994
76336
75427
74887
75895
76678
76597
75319
77227
76876
77146
77749
73879
74275
76399
76210
76354
76759
75571
75346
75184
73888
76732
74941
73060
78964
78091
74257
74554
76606
75346
76813
77236
77434
75103
79027
77065
74086
75661
74896
76129
76777
77245
75625
73375
77515
77029
75526
75319
75805
75364
79171
76885
76237
77731
76255
74005
76453
75607
76921
75094
78469
74995
75526
75886
75436
74968
75157
78226
75823
76570
76660
75229
75382
75184
76984
73267
76966
75454
76579
74725
75157
77893
72781
77452
76966
75877
73933
75490
74752
76003
76246
76345
75346
74266
75265
70792
75823
75040
73807
74842
76813
78559
76471
73879
76138
75049
74302
77272
74977
76885
78046
76408
76201
77641
74356
75436
77830
76840
77434
75886
76642
76723
76435
77128
76471
74581
75409
74842
77938
77911
74284
75616
76021
75337
75967
75481
75706
76462
76669
76840
76651
76804
77812
76012
79360
72547
76093
74833
78766
76570
78892
76003
75256
75202
76732
71152
74959
76408
76138
71989
75634
74599
76957
76138
75040
73564
76138
76795
77344
76885
73852
77587
74842
74797
74635
73690
73411
75742
75769
74707
76327
77767
77965
74113
76183
74824
75499
78505
77263
76795
74491
75715
76813
75904
75373
78865
76210
77866
75868
75706
72178
77803
75490
77668
78046
75310
77101
77353
76993
76480
76210
75319
76669
76723
76273
75679
78955
74815
75652
75166
78334
74554
78073
75796
74140
75382
75004
74725
75787
80503
73753
75994
74797
77101
78649
77605
75652
73042
73015
77560
75904
77965
75427
74176
77893
75166
73420
75724
77236
76768
77245
77596
75274
77893
80242
77263
77695
77704
76039
73663
76039
75769
77227
77956
79090
76057
77560
78460
76012
75922
76570
76696
78757
73186
77740
74491
77470
76246
76651
76822
75427
78442
75553
73987
73213
75490
77029
73015
75787
74032
75949
75634
75886
77488
75760
78937
77632
73996
75238
78028
76444
75076
75022
74869
78559
74851
77362
76687
76075
76282
72034
76930
76237
77929
76552
73627
77875
76912
75346
76174
75310
75886
75598
79414
74734
76777
76183
78649
77416
74725
77065
76669
75013
77731
77767
77704
75670
76804
76732
73555
76903
75931
76759
74329
72160
78379
77434
76003
75580
78595
75967
77290
78019
76066
75931
76336
76642
78208
76759
79540
76525
77587
76030
75265
77308
77614
79522
78298
75319
74419
74545
78604
75760
76471
73915
75976
77911
76147
78109
77560
75382
76867
74617
76894
75166
75166
74914
75688
76084
75274
78172
73618
76714
73501
77416
77857
76372
76471
77614
77434
76930
76075
78703
74266
73699
75319
74221
74914
75706
76750
76525
77812
76246
77524
76048
78451
74464
75184
77857
74104
76021
75760
76480
77533
77893
76165
76417
75769
77812
77002
74716
75850
75688
77416
76327
77425
73672
75850
76426
78964
76066
74419
75886
79162
76120
76165
75697
76723
72493
73888
74518
73672
75877
74401
78181
76417
74815
77704
72448
79396
74104
75508
77128
73717
76552
76669
75058
76192
76777
74752
77911
76993
76291
75688
73402
76417
76768
75247
76561
75940
76552
73591
76471
76885
76093
76885
77785
78262
74401
75679
75400
77569
74806
74770
79405
74113
74284
78496
75292
76363
75643
74833
78127
79315
76795
78640
76453
77209
76444
78631
77785
75679
75733
77389
75904
76867
75877
75931
77731
76876
75373
79297
76624
76624
74545
78325
74761
76570
77722
77056
75868
74653
74779
75751
74923
77380
74185
74743
76444
72736
74896
73015
77209
77416
76480
74599
75607
76507
77119
75517
76426
76831
75571
73744
76147
76012
74788
76021
74635
76156
77542
78172
75400
77803
74644
76903
72439
77056
75643
76372
74455
74734
75805
75355
75319
71719
74707
77407
77281
76066
72052
73258
75553
76030
76363
75274
77092
77389
75571
74617
76498
74221
76408
77731
75679
74950
76849
74644
75103
75985
75283
75535
78442
74716
75022
77911
75355
76426
78352
75706
75247
77443
77533
73690
76885
78829
76309
76723
77344
76993
76255
76417
76453
73690
76813
74023
76894
77587
74887
73726
76750
76831
76822
76516
77380
74680
75040
79297
76507
75328
77551
75976
74293
76165
77092
77353
76300
74068
76075
74896
76534
73258
79063
77110
73492
76201
73789
79351
77074
72736
75598
73366
76624
73735
75643
75040
79351
76633
76111
73870
75922
76768
74050
75886
77767
73096
77452
74707
76345
75688
78964
77632
77596
74599
76435
76336
75733
75364
76462
78100
75697
76588
76552
76993
77821
74626
77029
74968
74878
77029
77767
76264
75274
74194
74950
78496
75283
77740
77299
76561
77362
72151
75751
76417
78613
78073
77695
76786
73807
75382
76912
75634
77092
76363
76606
75787
73816
74761
74725
75913
77362
76624
73465
77542
73798
75544
74689
74041
74365
73528
78424
76588
76894
74761
76372
76327
76381
73087
75949
76840
79261
75085
76984
76957
75364
77488
76237
76120
77254
77398
77173
77704
77704
74887
77137
76750
75346
77416
78307
75508
76300
76930
76435
74455
77704
74293
75526
76561
78937
80332
75589
75796
76822
76543
74833
76462
73879
71620
77101
77794
75508
76363
73501
77272
74671
79405
73780
78667
77713
75787
79288
77866
75265
75814
75346
75517
77002
75877
76246
74923
75130
77434
76570
78406
75004
75562
77938
75166
77740
74878
76993
78946
75256
75580
76165
74914
75373
78415
75346
77164
76273
76714
77677
78073
76525
73321
76903
73375
75238
74365
76372
74626
76462
78487
74563
75175
72790
78127
75130
76327
75688
77416
74941
78334
73663
73663
73897
73672
78208
76417
75427
72583
75094
78667
77128
76597
74959
74707
75724
73177
75085
77443
72925
73717
78946
74347
75076
74455
78298
74842
74401
76939
74455
77272
76264
74680
72790
76183
76309
75508
74806
78658
80836
75274
75067
76912
76075
75211
76696
78892
75751
79558
75634
75994
75301
74590
76030
79000
75472
75562
75886
75922
75166
76381
77686
80206
76435
76444
74338
72835
74059
78505
74374
75418
74266
77632
77443
76255
75202
74131
74383
74104
76642
78865
73879
77074
75076
73834
76678
77137
74518
77677
74644
74815
76093
77056
75544
75841
74878
76561
79450
75697
77893
75589
76192
76552
74176
75661
78622
76039
76957
76138
75031
78523
74050
74887
74230
75013
77785
78028
76660
73600
75823
78199
75886
76390
76570
77659
76507
75562
75922
75823
78325
75985
75994
76876
73609
77632
73528
74185
74698
75517
77785
77893
75679
76282
75661
76246
76480
75301
74077
77875
77659
74689
77884
75634
77137
72826
75958
76300
75661
77956
76345
78082
76606
74248
76237
75463
74203
75598
74806
76039
77551
76381
77650
75877
74212
76363
79468
77659
75409
74239
76678
75841
78352
78010
76543
73861
77092
75211
80647
75580
75760
72619
78892
77848
74608
75391
75211
75760
73519
76975
75931
77254
75481
76453
77983
76516
76264
76246
75688
75742
77164
74158
75076
75850
75166
75436
76435
74131
76363
76219
75517
75562
76966
78937
74752
74761
76120
75247
74473
75553
75625
77128
76903
73258
76381
76138
77821
79621
77767
77713
78442
74869
75076
77893
75256
74005
75949
76930
75553
77722
78127
75958
76138
74680
75292
77128
77731
77452
76714
77839
76507
78253
75625
77533
74959
74356
75193
76696
77596
75544
77038
74860
78064
75058
75193
78019
75949
78820
77731
75697
78865
76354
76615
75670
74023
77164
76120
76777
75832
76975
77335
76939
76228
78802
78811
77218
76048
74131
73762
77758
74941
74761
76174
77182
73942
75724
75859
73042
77470
76345
75949
74671
78370
76273
78118
75112
75688
74203
77695
76345
75409
76048
76615
77767
75517
77272
77479
77155
78685
74167
78217
75553
73789
78883
75823
73987
73618
78748
76309
77101
75058
79216
74941
75481
76165
76750
77110
76840
71404
76237
76111
74248
75139
75823
76561
74986
73843
79369
73303
73150
78379
74023
75868
78469
76309
75814
76453
75067
73015
75202
77695
76039
76579
75184
76300
74824
75886
75535
77938
74644
77740
75778
76255
74140
76993
75265
77011
77074
77974
73825
78712
76381
77677
74041
76345
78100
74005
76219
77893
76993
75364
78397
79891
72898
75328
73222
76642
75058
75787
76921
77065
77398
74509
75175
73438
75283
75841
76822
76894
74428
74860
75355
74158
76858
75697
77569
75436
78892
77965
77713
77659
74734
75418
76939
78244
77443
77353
77281
72232
76750
72484
77803
78019
76372
76633
74536
75157
76858
75742
74293
74671
77335
74500
76687
75256
73591
78019
75364
72448
76066
77488
75643
75076
76093
74122
76660
77164
76336
74896
75265
79090
77281
76687
75004
78181
76192
77101
75931
75382
78091
75274
76921
75742
78730
77164
74986
74473
79981
71836
73888
77326
74410
74140
75463
76489
77344
75544
77398
78208
74923
74815
74851
78595
75274
76534
73141
76066
78325
76660
73375
75454
77227
78982
77866
76975
79045
75787
77893
77416
79117
77803
74959
75742
77857
77263
75346
77020
75157
74230
72952
74599
74662
76597
73006
78424
75661
75571
76957
74338
75787
75778
75148
77506
75841
76228
77740
76588
78010
75706
76318
74563
75049
76363
72502
75652
76795
75103
77533
75859
72448
73006
74626
74419
75850
77569
74194
78946
77470
74221
76426
76084
75463
78109
76516
76381
74887
73618
74428
76894
77254
75805
79594
76138
76984
75481
75724
75967
75922
76435
75931
77362
76336
76786
76642
77254
77731
77047
75310
75130
75328
75562
77101
78190
74608
76840
76804
78406
77110
75562
78388
73168
75166
77974
75661
77344
75247
79468
75355
78595
74851
73060
78028
76291
77146
76804
75355
78973
76120
76309
75085
76507
78559
79306
76876
74545
76282
76633
75184
76327
73717
78793
75733
75706
74662
74302
79288
74815
74149
74221
73690
76534
78433
75130
75949
76543
77830
76255
74104
75706
77758
74392
78100
77461
75562
74140
75148
74950
74968
77947
77317
76957
75112
76732
77227
78280
73924
76948
74095
75175
75643
76831
74779
81079
78064
77209
76741
78163
75391
75841
75688
75562
75751
75751
77785
78181
75400
74914
76309
78019
74869
75670
73582
76867
77317
75463
76408
76102
74644
75949
75166
75220
76759
75832
76228
72358
75391
75184
77794
75805
76786
74140
74698
77488
77056
77515
75409
76489
76858
75409
76174
76489
78253
74869
77434
76687
74518
75931
75094
78748
77074
77623
75760
75544
76831
75949
77047
76822
76903
74923
74797
75049
74905
74869
76003
77893
76489
76615
77794
74248
75337
77560
76435
73204
78055
79477
74293
74968
76291
76795
72988
76354
73096
76696
75121
75553
76876
78055
77146
73645
77722
75076
75895
73861
74734
75985
77218
76408
75157
77686
77047
75463
74725
75913
73780
77596
74212
74275
76507
76822
74311
76228
76093
74320
76318
77227
76696
74968
76786
77128
77461
76732
74266
72988
73393
77263
78982
76390
74833
80467
76201
74842
76048
77749
76786
74617
76246
74806
74212
75913
75346
76768
77533
78235
77335
74725
77380
78676
77290
78757
75589
74419
75193
78235
76903
74194
76750
76228
74869
77506
74086
79342
78361
77839
77191
76525
75877
79405
78190
76696
75490
74518
74518
75589
73222
72925
74941
76570
80080
77875
74275
77830
74896
74077
73969
79774
76399
75274
74518
75049
75643
74527
71881
76750
74644
76768
75985
72871
76660
78262
76453
74842
76075
74131
75553
73942
76066
76309
72475
76732
76867
74437
75265
75994
74005
78127
74518
79090
73573
73618
74779
78343
74275
74581
75499
76003
76966
74527
74887
76156
75859
75076
75094
74041
75337
75985
77155
76687
76750
77470
75517
75841
75184
78235
75094
75580
79279
76138
72979
75634
76777
74860
77146
77137
76507
72565
75877
77209
76741
73879
76084
77137
75607
73546
75193
73195
72664
75760
74050
76615
74779
75364
74914
77173
75616
76417
76741
74257
77632
73204
75445
73618
77344
76552
77245
74482
78838
76444
74806
74563
73492
77326
76525
74644
77065
76831
74869
74383
76210
73789
75337
79387
75400
78487
74257
75148
77785
74149
78262
78964
75661
77119
77758
77344
76300
75841
77407
73951
76093
76921
75661
76336
73744
78055
75076
75517
74221
74077
75976
75634
77839
77011
78154
75958
77758
74014
76210
75940
