41272
41929
41299
40021
40165
41227
39913
40768
39787
41758
41650
40120
39949
39976
40480
41641
40174
40372
40957
41371
39958
40534
39850
39958
41605
41155
40228
41614
41101
40426
40291
40282
40435
41092
40246
41695
40723
39985
40822
40516
40129
39850
41668
39850
40120
39904
39904
40309
40318
41479
40021
40498
41434
40129
39904
39985
40327
40345
40606
40867
40255
40444
40210
41344
40093
40453
41380
40444
41308
41101
41182
40300
40102
39985
40300
40300
40993
39994
41425
40048
40336
41308
40183
40570
39841
40399
40210
40102
41641
40408
41317
40066
40030
41083
41029
41425
41263
40066
40147
39985
40084
41308
41065
42001
40120
40138
41452
40750
40102
40390
40084
39940
40075
40201
41290
40453
39949
40678
40093
41497
40111
41389
40282
40210
40192
41065
42199
40318
40381
40156
41785
40561
41020
40102
40228
40192
40264
40129
40129
40102
39796
40660
40174
39985
41182
40246
40210
41596
40246
40552
39985
40048
40822
39859
41164
39940
40363
40156
40345
40525
40093
40957
40975
40246
39976
40390
40237
40282
40219
40012
40102
40318
41146
40003
41533
40210
39904
41236
39850
39940
40012
39913
40660
40066
40408
39958
40363
39922
40138
40066
40255
40444
41137
40498
39976
40687
41866
40318
41326
40858
41056
40858
40183
40795
40021
40030
39841
40264
39976
40273
40012
41587
40192
40147
40264
41407
40057
40291
40984
40318
40309
39994
41245
40138
40678
40426
41560
40282
40444
40138
39994
40210
40696
40273
40048
40849
40255
40084
40264
41569
40381
40390
40264
40822
41362
40552
40120
39886
40039
39967
40408
41191
39976
40246
40174
40534
40291
41425
41812
40516
41155
40138
40246
41389
39940
41587
40714
39895
40444
41776
41182
40534
40192
40237
40156
42145
40228
40156
39751
41326
40156
40282
40174
41551
40372
41101
40048
40327
40138
40813
40030
40372
40012
40777
39868
41893
40165
40057
39994
40057
40210
40048
41470
41056
39868
40273
41254
40156
40462
41101
40030
40615
40948
40408
40498
39841
40147
40516
40165
40246
40183
41254
40453
40138
41506
39922
39994
39994
40309
41047
40237
41281
40102
39940
40327
40174
39940
39985
40840
40192
40435
40291
40561
40210
40066
40300
41659
40120
39976
40165
40300
40246
41416
40282
41164
41641
40435
39976
40579
40318
41020
39922
40282
40408
40138
41398
41209
40246
39832
40264
40507
40453
40282
40363
39895
40687
41056
40048
40102
40444
41884
40048
40687
40462
40174
40264
40525
39949
40120
40327
40849
41740
40732
40282
42118
40183
41002
40345
40030
41101
40147
40462
40417
40318
41272
40291
40390
41065
40012
39931
40165
40426
40255
41524
40363
40291
40300
40561
40138
40282
40084
40003
39895
41227
40210
39940
40030
41200
40120
40462
40201
40732
39733
40021
40048
39868
39976
40075
39985
41272
40444
41119
40030
41227
40264
41056
40201
39958
41173
39931
40039
39994
40705
39940
40102
39994
39913
39976
39976
40291
39832
40201
40471
40417
41101
41281
40147
40264
41047
41632
40516
40615
40336
39877
40534
40102
40273
41407
41470
40444
41407
40084
40687
39877
40435
40759
39922
40552
39832
39886
39976
40948
40273
40480
40975
40273
41047
40084
41254
40120
41308
40687
40282
40453
41029
39895
40084
40156
40048
40858
41353
40012
40237
40444
40606
40030
40300
40372
41218
40381
41110
40444
40516
40426
39832
40426
41092
40021
39886
40066
39868
41479
40579
40066
41083
40075
41434
41308
40228
41191
40408
40471
40372
39931
40480
40588
40705
40183
41758
40264
41830
39787
41119
40156
41344
41218
40318
40030
39868
41641
40255
40219
39868
39868
40219
40210
40516
40030
40066
40030
40129
40471
40030
40345
41821
40066
39940
40921
40624
40417
40363
41263
40462
41101
40480
40759
40309
41578
40363
40102
40597
40921
40714
39958
40066
41407
39967
40138
40210
40156
41497
40048
40471
39886
40183
40246
39940
40912
40102
41569
40543
40390
39949
39760
41848
40102
41785
41794
40084
40039
40597
41047
40417
40228
39886
40372
40120
40858
40642
41686
39976
40021
40228
40102
40390
40192
41659
41317
40120
40840
40462
40759
40192
40606
40642
40246
41209
40174
41218
41254
41110
40147
40003
40354
41200
39859
40219
40183
39976
40102
40660
39976
40012
39868
40462
41461
40021
41650
40768
39868
40354
39976
40264
41830
41866
39994
40192
40282
41065
40147
40318
39832
41200
39985
40795
40930
40381
41065
40120
40741
40147
39967
40165
40381
40687
41398
39904
40372
40579
40084
40255
40453
41650
40066
39976
40093
40273
41443
40462
40282
40363
40165
40183
40219
40660
40858
40606
41128
40795
41173
40129
40039
41155
40282
40498
39886
41029
39958
39904
40507
41866
40066
40435
40120
40957
39904
40309
40003
40372
40012
40156
40246
41056
39922
40408
41398
41092
40048
40048
40993
39949
39949
39913
40435
40318
39976
40507
40318
41623
40111
40300
40120
40012
40138
41065
41065
40345
41560
40111
39922
40138
41020
40210
40201
40093
40660
41146
40372
39877
39958
39922
40426
40102
40057
40210
39958
40102
40120
40048
39976
40237
41407
39913
40525
41119
40030
40444
40255
41353
39904
39760
40102
41650
40183
40381
41128
40156
40597
40408
41623
39868
40003
40453
40138
40111
39940
40300
40048
40030
39904
40120
40165
41920
40084
41056
40111
40426
40138
41110
40057
40615
41011
40552
41515
40300
40066
41380
41911
40615
40390
39967
40642
41398
39922
40489
41083
39976
41191
40300
40309
39940
40372
40084
40102
40984
40138
41209
40327
40174
40354
40444
39958
39868
40048
41623
40813
40255
41056
40174
40012
40111
39886
42001
40309
40030
40975
41155
40102
39940
39958
40111
40948
39841
40057
40462
39931
41200
40246
40102
40102
40129
41281
40615
40489
40534
40048
40084
41146
40606
40795
39949
39931
40210
41056
40057
40291
40363
41686
40210
41029
40093
40129
40273
41398
41191
40066
40525
40453
40147
41362
40057
40264
39886
40678
40174
40102
40102
41371
40012
40354
40174
40291
41074
40030
39994
41506
40030
40030
41002
41371
39868
41731
41119
39976
40156
40750
41065
40129
40444
40336
40750
40075
40129
40390
40237
39850
40363
40210
40246
40327
39904
40561
39967
40903
40363
40300
41506
40291
41083
40273
40579
41245
41434
41227
41254
40021
40012
40282
40543
40606
39886
40471
41533
39850
40876
40192
41146
41101
40066
40228
40012
41002
40300
41362
40462
40318
40228
41101
41308
41128
