43963
44089
43963
43927
44071
43963
43945
43945
43981
44035
43981
43999
43981
43927
43963
43981
44053
44107
43963
43945
44053
43981
43927
43909
43945
43981
43981
43945
43909
43945
43963
43963
43927
44017
44089
43945
43981
43909
43963
44017
44107
43891
43945
43945
44071
43909
43945
44071
43963
44071
43945
43963
44053
43927
43945
43927
43945
43945
43945
44071
44017
43927
43909
43963
43999
43963
44107
44071
43963
43981
43963
43945
44089
43981
43927
43963
43927
43927
43999
43909
43999
44107
43927
44089
43981
44107
43999
43945
43963
44017
43981
44053
43963
43981
43999
43909
43981
43981
43963
43927
43963
44017
43927
43927
43927
43945
43927
43927
43963
43963
43981
44557
43927
44017
43945
44035
43927
43999
43981
43927
43963
43963
44017
43981
43999
43999
43945
44035
43963
43963
43945
44107
43963
44107
43963
43909
43909
43963
44089
43927
44071
43981
44035
43981
43909
43909
43945
44089
43945
43963
44017
44017
43981
44053
43981
43945
43963
43945
43945
43981
43909
43927
43927
43945
43963
43963
43909
43927
44071
43963
43909
43927
43927
44035
43927
43963
44107
43927
44017
44053
43909
43999
43981
43909
43999
43981
43927
43927
43963
43981
43981
43981
43963
43981
43981
44089
44035
43963
43927
43927
44089
43945
44107
43945
43963
43963
43999
43909
43963
44017
43945
44089
43999
44089
43999
44017
44017
43963
43927
43945
43945
43981
44125
43945
44089
43981
43963
43963
44017
43927
43999
43945
44017
43927
43963
43945
43981
44017
43999
43909
44071
43945
43927
43999
43963
43963
43927
43945
43945
44071
43963
43945
43981
43945
43963
43909
44107
43909
44017
44071
44089
43945
43927
44179
43999
43909
44089
44017
44017
43927
43927
43963
43963
43963
43981
43927
43963
43909
43981
43963
43981
44017
43945
43981
43927
43963
44035
44161
43945
43909
43927
43927
44017
43981
43981
43981
43981
43963
44107
43963
43927
44359
43981
43999
43945
43981
43945
43909
43909
43945
44035
43945
43963
43927
43945
43963
43927
43981
44071
43981
43999
43981
43927
44233
44089
43981
43909
43963
43927
44053
43945
43945
43963
43981
43963
43945
43945
43999
43945
43981
43909
43981
43945
43927
43927
43963
43981
43945
43999
44071
43909
43945
43927
43909
43963
43945
43909
43981
43909
44089
43981
43927
43945
43927
43927
44089
44071
43981
43927
44071
43963
43981
44017
43963
44107
43981
43999
44053
43963
43963
44071
43963
43981
43981
43963
43909
43999
44071
43963
44071
43981
43945
43909
43909
43963
43999
44017
44089
43963
43927
43909
43945
44071
43981
44089
43981
44035
43981
43945
43945
43927
43981
44053
44017
43927
43945
44017
43981
43927
44035
44071
44017
43963
43963
44035
43927
44017
43999
43963
43963
44089
43999
43963
43963
43909
43999
43927
44053
43963
43963
43963
43927
43927
43963
43981
43963
43927
43963
44017
43981
43963
43999
43909
43927
43945
44017
43945
43945
44017
43981
43945
43963
43963
44107
44125
43927
43999
43981
43927
43927
43963
44143
44125
43963
43963
43909
43945
44053
43963
44143
43981
43945
44107
43927
44107
44071
43927
43945
43945
43945
43927
44125
44017
43999
44125
43909
44017
44089
43981
43999
44017
43981
43927
43927
43981
44089
43945
44053
43945
43963
43981
43963
43909
43927
44179
43963
43945
43981
43963
43963
44017
43963
43981
43963
44161
44071
44035
43945
44071
43909
43927
43963
43999
43945
43945
43963
43963
43945
44071
43963
43927
43981
43963
43981
44017
44017
44107
43963
43945
43999
43963
44107
43963
43909
43981
44089
44143
43981
43981
43927
43945
43909
43981
44017
43963
44017
43945
43945
43981
44017
43945
43945
43981
43999
44071
43945
44071
44017
44017
43981
43981
43909
43981
44071
43963
43999
43927
43927
43999
43945
43981
44143
43945
43927
43909
43945
44107
44035
43963
43963
43963
43981
43945
44071
44089
43927
44035
44017
43945
43981
44143
43945
44089
43945
44017
43981
43981
43981
43909
43963
43999
43945
44071
44089
43909
44017
43945
43945
43927
44071
43927
43999
44017
43999
44017
43945
43981
44053
43963
43927
43981
43945
43945
43999
43981
43927
43999
43963
43999
43927
43945
43909
43927
43945
43963
43909
44053
43927
44125
43927
44071
43999
44017
43981
43909
43963
43981
44071
44071
43945
43963
43945
44035
44017
44071
43909
44071
44089
43945
44089
43981
44107
43927
43945
43963
43909
43999
43909
44017
43981
43963
43909
43909
44053
43927
44233
44053
43981
43945
44035
43999
44035
43945
44071
44071
43999
43909
43945
44125
44017
43945
43927
43945
43927
43981
43927
43963
43981
43945
44125
43927
43963
43927
44161
43963
43927
43981
43927
43963
43945
43981
43963
44089
43999
43999
43981
44071
44035
43927
44107
43999
43981
44053
43927
43945
43963
43945
43927
44089
44035
43963
43963
44089
43999
43945
44125
44053
43927
43945
43981
43963
43909
44035
43927
43981
44035
43963
43927
43909
43945
43945
43927
44071
44035
43963
43981
44089
43999
43963
44071
44107
43963
43963
43927
43963
43963
43963
43999
43981
43927
43963
43963
43981
43945
43999
43963
43999
43927
43945
43981
43945
43999
44107
43963
43963
43981
43927
43909
43927
43981
43927
43945
43981
43963
43981
43927
43999
43981
43981
43909
43963
44071
43981
43963
43963
43981
43927
43927
43945
43963
43963
43927
43999
43927
44323
44017
44107
44017
44017
44071
43909
43981
43945
43945
44071
43981
44017
43981
44071
43909
44107
43945
43945
44017
43927
44107
44071
43927
44107
43945
43909
44089
43963
43945
43945
43945
43927
43981
43945
44107
43963
43945
43945
44035
44035
43963
44071
43909
44017
44089
43927
43999
44107
43945
43963
43945
43999
43981
43945
43963
44035
44035
43927
43981
44107
44089
43981
43927
44071
43999
43981
44017
43927
43981
43963
43945
43945
43981
43999
43945
43963
43945
44035
43909
43963
43963
43999
43999
43963
43981
44017
43981
43999
44107
43909
44017
43909
43963
44053
43981
43981
43927
43981
44107
43909
43927
43945
44017
43963
43963
44071
43999
43909
44017
43927
43909
43963
44143
43909
43909
43999
43945
43927
44089
43963
43945
43999
43927
44071
43927
43963
43981
43927
43927
43999
44053
44053
43945
43945
44089
43927
44089
43963
43927
43945
43963
43945
43963
43981
43945
43963
43981
43999
44161
44107
43945
43981
43963
44143
43999
43963
44053
43927
43927
43927
43927
43981
43927
43981
43927
