56923
56761
56725
56887
57031
56671
56959
56689
56761
56833
56851
56689
56905
56761
56923
56887
56725
56743
56833
56815
56995
56833
56707
56923
56761
56887
56851
56923
56743
56689
56725
56761
56689
56905
56725
56761
57031
56707
56815
56743
56707
56779
56779
56761
56725
56833
57049
56671
56689
56743
56689
56959
57085
56941
56887
56779
56689
56779
56725
56959
56797
56905
56671
56797
56707
56707
57103
56671
57175
57049
56887
56833
56869
56761
56743
56725
56815
56707
56779
56977
56653
56707
56707
56689
56743
56761
56725
56707
56869
56689
57031
56833
56689
56923
56707
56689
57121
56779
56977
56707
56815
56743
56779
56815
56869
56797
56761
56887
56671
56725
56743
56887
56743
56815
57013
56941
56689
56815
56725
56725
56761
56653
56707
56671
56725
56851
56725
56779
56761
56833
56815
56725
57067
56815
56815
56743
56725
56905
56779
56689
56761
56815
56761
56905
56923
56743
56995
56761
56851
56815
56887
56995
56941
56707
56671
56923
56851
57193
56851
56707
56689
56671
56689
56689
56707
56743
56707
56815
56707
56725
56887
56887
56707
56725
56797
56635
56653
56761
56761
56671
56761
56743
56779
56689
56833
56815
56689
56653
56833
56833
56833
56761
56779
56779
56707
56833
56869
56851
57103
56977
56743
56779
56761
56779
56707
56797
57013
56725
57139
56869
56725
57103
56869
56797
56743
56815
56725
56941
57031
56887
57067
56743
56923
56995
56941
56797
56815
56707
56959
56653
56923
56815
56833
56743
57067
56941
56761
56761
56707
56743
56725
56707
57013
56797
56743
56761
56869
56779
56671
56833
56797
56743
56851
56743
56689
56887
56761
56689
56707
56689
56905
56869
56851
56725
56761
56833
56941
56797
56815
56851
56905
56761
56833
56851
57013
56815
56941
56869
56833
56797
56761
56977
56761
56833
56977
56869
56671
56905
56797
56689
56815
56725
56707
56851
56833
57067
56977
56707
56923
56941
56815
56869
56725
56887
56707
56923
56689
56905
56779
56707
56851
56797
56725
56923
56797
56833
56689
56761
56815
56707
56905
56671
56725
56833
56905
56797
56797
56797
56689
56851
56995
56743
56905
56797
56653
56761
56743
56941
56923
56671
56671
56779
56707
56779
57049
56725
56941
57013
56851
56797
56743
56815
56995
56887
56779
56725
56779
56833
57121
56905
56707
56995
56761
56671
56689
56923
56905
56671
56941
57013
56887
56959
56941
56743
56851
56689
56707
56743
56761
57193
56689
56905
56959
56833
56815
56743
57031
56725
56725
57085
56833
56797
56779
56959
56671
56815
56887
57031
56725
56779
56833
56923
56743
56689
56815
56707
56743
56779
56887
56815
56707
56779
56779
56725
56761
56851
56689
56761
56815
56797
56869
56761
56905
56959
56797
56689
56851
56923
56779
56851
56725
56995
56815
56761
57031
56761
56815
56869
56905
56869
56851
56869
56869
56707
56743
56869
56743
56725
56797
57031
56707
56653
56959
56653
56923
56959
56941
56851
56833
56905
56869
56815
56815
56779
56815
56743
56761
56779
56707
56707
56905
56707
56833
56779
56833
56779
56815
56833
56707
56761
56815
56671
56779
56761
56941
56923
56743
56923
56761
56725
56743
56833
56851
56941
56689
56869
56833
56797
56851
56869
56743
56779
56707
56833
56689
56707
56707
56779
56689
56797
56707
56797
56815
56761
56923
56653
56779
56851
56869
56833
56761
56725
56887
57247
56797
56977
56887
56797
57049
57085
56689
56959
56725
57103
56689
56653
56995
56833
56815
56905
56743
56905
56905
56995
57049
56887
56923
56761
56671
56887
56797
56797
56995
57013
56707
57031
56797
56833
56815
56779
56959
56725
56743
56779
56689
56743
56779
56815
56743
57391
56851
56689
56689
56869
56905
56671
57103
56743
56779
56707
56707
56671
56707
56725
56779
57121
56725
56707
56689
56923
56833
56671
56743
56743
56797
56833
56761
56761
56869
56869
56959
56923
56707
56671
56977
56887
56707
56725
56689
56833
56743
56707
56959
56689
56725
56779
56869
56707
56851
56797
56743
56761
56725
56869
57157
56653
56761
57085
56815
56851
56707
56887
56707
56707
56707
56689
56923
56869
56689
56707
56707
56833
56959
56725
56995
56905
56959
56725
56743
56761
56797
56887
56689
56779
56761
56797
56977
56725
56779
56959
56833
56689
56707
56689
56923
56851
56815
56653
56761
56869
56815
56743
56707
56779
56887
57139
56797
56707
56833
56833
56707
56635
56725
57031
56887
56797
56851
56851
56707
56779
56779
56833
56815
56905
56761
56671
56851
57013
56689
56923
56707
56887
56725
56761
56779
56689
56905
56779
56671
56671
56905
56743
56797
56761
56707
56761
56779
56761
56743
56761
56689
56743
56797
56995
56689
56743
56725
57067
56833
56905
56923
56707
56797
56833
56959
56725
56815
56725
56797
56887
56689
56689
56707
56815
56761
56995
56779
56725
56779
56779
56689
56725
56743
56905
56833
56725
56869
56689
56779
56851
56689
56887
56815
57013
56743
56905
56707
56905
56725
56815
56851
56995
56707
56725
56851
56995
56779
56797
56869
56869
56707
56707
56941
56761
56707
56761
56995
56779
56797
56869
56761
56707
56761
57103
56959
56725
56761
57031
56707
56815
56797
57049
56923
56779
56671
56707
56779
56941
56977
56689
56779
56725
56887
56743
56869
56743
56905
56761
56923
56797
56797
56833
56833
56815
56779
56689
56815
56707
56833
56797
56851
56815
56851
57013
56725
56815
56761
56959
56743
56725
56761
56671
56761
56743
56725
56833
56851
56707
56761
56815
56887
56869
56779
56851
56707
56761
56761
56815
56905
56689
56689
56689
56725
56779
56869
56941
56743
56815
56725
56671
56851
56779
56743
56707
57085
56725
56851
56725
56689
56869
56779
56671
56797
56995
56833
56707
56689
56779
56725
56797
56923
56815
56707
56887
56977
56761
56725
56689
56959
56833
56761
56707
56779
56833
56743
56923
56797
56869
57175
56779
56851
56941
56761
56887
56887
56797
56905
56725
56977
56779
56779
56779
56815
56689
56959
56905
56905
56815
56761
56851
56797
56779
56761
56761
56779
56797
56815
56743
56743
56689
56689
56689
56779
56743
57031
56869
56779
56833
56887
56761
56725
56797
56797
56707
56905
56797
56725
56743
56815
56905
56941
56779
56707
56977
56671
56815
56653
56743
56707
56707
56941
56815
56869
56707
56797
56671
56977
56725
56725
56761
56779
56653
56851
56797
56761
56959
56779
56815
56725
56851
56761
56779
56833
56779
56815
56815
56725
56869
56743
56815
