[15516, 15192, 15138, 15264, 15138, 15480, 15390, 15102, 15102, 15264, 15228, 15120, 15282, 15174, 15102, 1
5426, 15408, 15192, 15102, 15102, 15336, 15264, 15138, 15102, 15138, 15102, 15282, 15210, 15246, 15264, 151
20, 15120, 15318, 15606, 15300, 15102, 15102, 15282, 15228, 15138, 15102, 15102, 15102, 15228, 15516, 15300
, 15390, 15210, 15102, 15534, 15120, 15444, 15264, 15264, 15102, 15228, 15120, 15102, 15102, 15354, 15120,
15102, 15120, 15156, 15174, 15138, 15318, 15228, 15102, 15228, 15102, 15120, 15174, 15120, 15210, 15264, 15
102, 15120, 15228, 15264, 15354, 15102, 15210, 15156, 15102, 15120, 15480, 15174, 15102, 15354, 15516, 1533
6, 15174, 15102, 15264, 15552, 15300, 15246, 15228, 15102, 15390, 15192, 15156, 15120, 15102, 15174, 15102,
 15300, 15210, 15102, 15102, 15120, 15300, 15192, 15120, 15264, 15372, 15138, 15192, 15390, 15264, 15102, 1
5120, 15102, 15102, 15102, 15300, 15120, 15120, 15102, 15264, 15102, 15102, 15174, 15102, 15444, 15282, 151
20, 15534, 15192, 15228, 15102, 15300, 15120, 15102, 15120, 15390, 15120, 15102, 15102, 15120, 15102, 15102
, 15102, 15102, 15174, 15264, 15300, 15138, 15264, 15156, 15246, 15246, 15156, 15228, 15228, 15102, 15336,
15102, 15246, 15408, 15120, 15336, 15102, 15102, 15390, 15102, 15138, 15120, 15264, 15102, 15264, 15120, 15
102, 15102, 15102, 15102, 15228, 15102, 15102, 15102, 15246, 15120, 15102, 15156, 15102, 15282, 15156, 1519
2, 15156, 15480, 15210, 15264, 15210, 15102, 15192, 15120, 15444, 15264, 15174, 15138, 15120, 15318, 15102,
 15516, 15372, 15120, 15120, 15120, 15102, 15228, 15102, 15246, 15192, 15534, 15174, 15102, 15192, 15210, 1
5318, 15102, 15228, 15408, 15102, 15102, 15102, 15300, 15120, 15102, 15300, 15138, 15120, 15120, 15102, 151
02, 15102, 15102, 15390, 15102, 15102, 15120, 15102, 15264, 15102, 15138, 15336, 15102, 15138, 15138, 15102
, 15102, 15318, 15336, 15138, 15120, 15102, 15174, 15390, 15264, 15372, 15156, 15138, 15282, 15300, 15102,
15102, 15282, 15102, 15264, 15390, 15318, 15102, 15174, 15102, 15624, 15282, 15264, 15120, 15246, 15246, 15
102, 15210, 15282, 15228, 15264, 15102, 15102, 15102, 15228, 15120, 15120, 15102, 15102, 15102, 15120, 1512
0, 15120, 15300, 15246, 15102, 15102, 15102, 15120, 15120, 15120, 15246, 15120, 15102, 15138, 15102, 15102,
 15318, 15102, 15102, 15102, 15318, 15336, 15102, 15102, 15210, 15372, 15354, 15120, 15102, 15372, 15120, 1
5210, 15102, 15120, 15120, 15120, 15138, 15282, 15210, 15354, 15354, 15102, 15120, 15102, 15102, 15156, 153
36, 15102, 15318, 15102, 15102, 15228, 15192, 15246, 15102, 15264, 15102, 15300, 15174, 15264, 15102, 15102
, 15174, 15516, 15282, 15228, 15102, 15552, 15174, 15102, 15246, 15120, 15102, 15156, 15426, 15210, 15120,
15102, 15102, 15156, 15102, 15300, 15102, 15102, 15120, 15228, 15282, 15102, 15174, 15102, 15300, 15174, 15
102, 15102, 15264, 15228, 15228, 15120, 15102, 15264, 15318, 15300, 15462, 15120, 15210, 15462, 15102, 1526
4, 15300, 15228, 15138, 15282, 15102, 15102, 15138, 15102, 15102, 15102, 15102, 15480, 15120, 15138, 15300,
 15480, 15228, 15102, 15318, 15102, 15210, 15156, 15282, 15102, 15102, 15336, 15408, 15102, 15426, 15174, 1
5282, 15102, 15246, 15390, 15102, 15264, 15264, 15102, 15120, 15300, 15192, 15570, 15228, 15300, 15300, 151
20, 15318, 15102, 15156, 15264, 15102, 15120, 15120, 15210, 15300, 15102, 15102, 15246, 15426, 15120, 15246
, 15390, 15174, 15228, 15300, 15102, 15300, 15120, 15228, 15192, 15102, 15624, 15102, 15102, 15228, 15102,
15516, 15318, 15228, 15102, 15102, 15210, 15174, 15102, 15318, 15102, 15102, 15192, 15174, 15192, 15210, 15
264, 15102, 15192, 15102, 15300, 15318, 15156, 15696, 15102, 15102, 15192, 15120, 15102, 15138, 15210, 1522
8, 15264, 15102, 15102, 15102, 15372, 15102, 15516, 15318, 15228, 15120, 15498, 15120, 15228, 15102, 15120,
 15228, 15174, 15264, 15102, 15120, 15102, 15102, 15264, 15552, 15102, 15246, 15102, 15102, 15120, 15174, 1
5138, 15156, 15354, 15300, 15102, 15138, 15120, 15372, 15228, 15102, 15102, 15102, 15102, 15102, 15102, 151
02, 15102, 15228, 15102, 15120, 15228, 15390, 15102, 15462, 15354, 15426, 15354, 15210, 15318, 15138, 15120
, 15210, 15138, 15210, 15300, 15264, 15192, 15336, 15120, 15102, 15102, 15264, 15120, 15408, 15102, 15336,
15246, 15264, 15102, 15102, 15102, 15228, 15102, 15102, 15300, 15102, 15444, 15264, 15102, 15210, 15300, 15
300, 15120, 15102, 15102, 15120, 15102, 15102, 15282, 15102, 15174, 15408, 15318, 15102, 15102, 15102, 1522
8, 15174, 15264, 15102, 15102, 15264, 15102, 15318, 15174, 15120, 15354, 15246, 15498, 15120, 15174, 15534,
 15390, 15210, 15174, 15138, 15102, 15120, 15102, 15102, 15102, 15354, 15102, 15102, 15174, 15372, 15120, 1
5102, 15156, 15444, 15102, 15102, 15102, 15102, 15102, 15264, 15732, 15102, 15102, 15264, 15138, 15246, 151
02, 15102, 15300, 15102, 15462, 15246, 15102, 15120, 15282, 15498, 15228, 15102, 15102, 15138, 15102, 15138
, 15390, 15102, 15138, 15102, 15390, 15102, 15102, 15174, 15102, 15102, 15246, 15300, 15102, 15174, 15156,
15102, 15300, 15264, 15156, 15192, 15102, 15120, 15102, 15102, 15408, 15678, 15174, 15102, 15102, 15102, 15
102, 15282, 15336, 15372, 15210, 15444, 15300, 15102, 15102, 15264, 15120, 15228, 15300, 15102, 15102, 1510
2, 15102, 15300, 15300, 15282, 15102, 15120, 15642, 15102, 15102, 15318, 15120, 15102, 15336, 15102, 15102,
 15120, 15624, 15120, 15102, 15642, 15138, 15300, 15120, 15372, 15120, 15300, 15264, 15156, 15336, 15102, 1
5102, 15210, 15246, 15228, 15264, 15282, 15174, 15102, 15102, 15138, 15120, 15120, 15138, 15138, 15228, 152
46, 15228, 15138, 15120, 15120, 15102, 15138, 15102, 15210, 15102, 15102, 15174, 15102, 15426, 15120, 15102
, 15102, 15102, 15156, 15120, 15282, 15300, 15156, 15300, 15300, 15120, 15102, 15156, 15102, 15102, 15534,
15192, 15228, 15102, 15120, 15246, 15264, 15228, 15174, 15120, 15480, 15300, 15102, 15264, 15264, 15228, 15
282, 15174, 15336, 15120, 15318, 15300, 15102, 15318, 15120, 15156, 15102, 15228, 15120, 15120, 15192, 1512
0, 15246, 15354, 15120, 15192, 15102, 15462, 15102, 15120, 15102, 15102, 15138, 15264, 15120, 15138, 15156,
 15102, 15120, 15300, 15264, 15102, 15102, 15120, 15228, 15120, 15300, 15102, 15300, 15246, 15102, 15192, 1
5228, 15354, 15120, 15336, 15102, 15480, 15264, 15300, 15228, 15102, 15102, 15354, 15228, 15102, 15300, 152
64, 15300, 15102, 15570, 15264, 15102, 15102, 15192, 15156, 15282, 15120, 15138, 15102, 15264, 15102, 15120
, 15282, 15192, 15354, 15192, 15282, 15102, 15282, 15174, 15102, 15102, 15282, 15102, 15120, 15102, 15102,
15696, 15102, 15264, 15102, 15228, 15120, 15246, 15102, 15138, 15192, 15102, 15570, 15462, 15102, 15138, 15
138, 15120, 15174, 15300, 15102, 15210, 15174, 15426, 15102, 15102, 15282, 15120, 15174, 15192, 15300, 1512
0, 15300, 15120, 15102, 15264, 15372, 15102, 15228, 15282, 15246, 15264, 15102, 15102, 15552, 15120, 15102,
 15300, 15102, 15210, 15174, 15102, 15102, 15120, 15228, 15444, 15174, 15138, 15354, 15102, 15444, 15246, 1
5300, 15300, 15300, 15282, 15138, 15102, 15174, 15120, 15156, 15228, 15102, 15102, 15228, 15156, 15102, 151
20, 15174, 15264, 15138, 15228, 15282, 15282, 15102, 15426, 15102, 15120, 15102, 15192, 15228, 15120, 15174
, 15102, 15354, 15264, 15102, 15282, 15174, 15174, 15174, 15156, 15120, 15120, 15354, 15120, 15102, 15102,
15282, 15138, 15102, 15300, 15264, 15372, 15102, 15264, 15102, 15318, 15300, 15102, 15120, 15264, 15102, 15
228, 15102, 15210, 15282, 15120, 15282, 15300, 15354, 15264, 15426, 15300, 15120, 15102, 15264, 15174, 1510
2, 15102, 15354, 15228, 15102, 15120, 15102, 15102, 15102, 15372, 15498, 15354, 15120, 15498, 15102, 15102,
 15552, 15102, 15120, 15138, 15264, 15102, 15102, 15102, 15228, 15138, 15354, 15138, 15192, 15102, 15264, 1
5300, 15102, 15192, 15102, 15102, 15300, 15516, 15300, 15120, 15300, 15444, 15102, 15318, 15570, 15426, 151
20, 15102, 15174, 15228, 15138, 15102, 15174, 15120, 15174, 15102, 15336, 15210, 15102, 15102, 15138, 15120
, 15336, 15318, 15102, 15120, 15120, 15570, 15228, 15102, 15120, 15228, 15210, 15210, 15120, 15102, 15120,
15462, 15102, 15102, 15372, 15138, 15120, 15102, 15156, 15120, 15282, 15102, 15192, 15300, 15336, 15264, 15
336, 15102, 15102, 15408, 15282, 15102, 15516, 15120, 15246, 15318, 15642, 15228, 15102, 15264, 15138, 1512
0, 15102, 15408, 15102, 15120, 15138, 15102, 15192, 15102, 15228, 15516, 15318, 15372, 15282, 15102, 15102,
 15300, 15192, 15174, 15336, 15264, 15318, 15102, 15102, 15282, 15102, 15264, 15426, 15174, 15300, 15102, 1
5264, 15120, 15102, 15354, 15102, 15120, 15174, 15102, 15498, 15102, 15156, 15264, 15102, 15282, 15264, 151
20, 15300, 15102, 15120, 15228, 15174, 15120, 15264, 15102, 15462, 15264, 15354, 15264, 15138, 15138, 15138
, 15120, 15120, 15102, 15102, 15228, 15102, 15174, 15192, 15174, 15282, 15372, 15264, 15156, 15102, 15174,
15156, 15138, 15102, 15102, 15102, 15120, 15102, 15228, 15102, 15102, 15264, 15174, 15282, 15228, 15246, 15
318, 15102, 15174, 15102, 15228, 15102, 15120, 15264, 15390, 15300, 15300, 15120, 15300, 15120, 15102, 1517
4, 15336, 15102, 15228, 15102, 15246, 15102, 15282, 15102, 15138, 15102, 15138, 15120, 15264, 15354, 15102,
 15354, 15246, 15120, 15264, 15102, 15120, 15354, 15120, 15102, 15138, 15120, 15120, 15246, 15264, 15462, 1
5120, 15102, 15210, 15120, 15228, 15102, 15174, 15102, 15660, 15102, 15102, 15120, 15102, 15174, 15102, 151
38, 15102, 15174, 15102, 15372, 15246, 15120, 15228, 15102, 15174, 15102, 15120, 15192, 15102, 15120, 15120
, 15102, 15192, 15120, 15102, 15102, 15102, 15246, 15336, 15408, 15228, 15102, 15102, 15102, 15102, 15174,
15102, 15660, 15102, 15156, 15138, 15228, 15102, 15102, 15102, 15228, 15138, 15102, 15480, 15210, 15354, 15
318, 15174, 15102, 15210, 15102, 15102, 15102, 15246, 15318, 15102, 15354, 15102, 15102, 15102, 15264, 1510
2, 15102, 15102, 15120, 15120, 15102, 15102, 15102, 15120, 15372, 15174, 15102, 15102, 15300, 15372, 15228,
 15102, 15102, 15102, 15120, 15120, 15282, 15228, 15102, 15174, 15174, 15102, 15102, 15336, 15102, 15174, 1
5192, 15102, 15102, 15354, 15156, 15174, 15192, 15102, 15372, 15174, 15102, 15102, 15336, 15300, 15264, 151
02, 15264, 15282, 15102, 15120, 15120, 15120, 15102, 15192, 15210, 15120, 15102, 15102, 15102, 15336, 15192
, 15102, 15192, 15192, 15138, 15300, 15462, 15102, 15228, 15228, 15192, 15102, 15210, 15120, 15102, 15354,
15174, 15372, 15174, 15120, 15192, 15120, 15228, 15336, 15102, 15138, 15102, 15390, 15282, 15426, 15156, 15
228, 15138, 15246, 15102, 15210, 15408, 15264, 15264, 15282, 15102, 15354, 15120, 15120, 15120, 15192, 1515
6, 15102, 15210, 15264, 15444, 15102, 15102, 15120, 15120, 15264, 15120, 15390, 15390, 15102, 15102, 15102,
 15102, 15372, 15120, 15174, 15120, 15120, 15336, 15246, 15120, 15318, 15120, 15102, 15372, 15102, 15120, 1
5120, 15192, 15102, 15102, 15102, 15246, 15372, 15102, 15408, 15264, 15354, 15336, 15138, 15102, 15264, 151
20, 15102, 15264, 15156, 15102, 15102, 15102, 15300, 15120, 15120, 15246, 15192, 15480, 15192, 15102, 15102
, 15534, 15408, 15120, 15174, 15102, 15102, 15102, 15192, 15300, 15138, 15372, 15120, 15120, 15408, 15102,
15102, 15138, 15318, 15120, 15300, 15138, 15174, 15102, 15120, 15138, 15264, 15264, 15138, 15282, 15282, 15
102, 15264, 15120, 15120, 15102, 15102, 15138, 15300, 15138, 15120, 15120, 15120, 15102, 15102, 15102, 1510
2, 15174, 15102, 15192, 15120, 15102, 15210, 15480, 15120, 15102, 15102, 15642, 15120, 15264, 15228, 15354,
 15228, 15102, 15246, 15138, 15282, 15390, 15480, 15192, 15102, 15264, 15192, 15354, 15210, 15120, 15192, 1
5228, 15102, 15192, 15102, 15120, 15138, 15156, 15138, 15102, 15120, 15210, 15228, 15264, 15102, 15120, 152
10, 15120, 15498, 15354, 15372, 15120, 15102, 15102, 15102, 15120, 15228, 15102, 15120, 15102, 15210, 15354
, 15174, 15120, 15102, 15192, 15246, 15552, 15120, 15138, 15102, 15102, 15336, 15156, 15102, 15264, 15192,
15192, 15102, 15102, 15372, 15120, 15282, 15408, 15102, 15174, 15462, 15246, 15300, 15120, 15102, 15102, 15
300, 15336, 15102, 15102, 15246, 15336, 15408, 15336, 15102, 15264, 15516, 15102, 15120, 15156, 15444, 1539
0, 15120, 15102, 15138, 15102, 15336, 15102, 15102, 15228, 15174, 15102, 15102, 15408, 15354, 15138, 15192,
 15120, 15102, 15282, 15102, 15228, 15228, 15354, 15102, 15246, 15174, 15138, 15282, 15138, 15102, 15192, 1
5228, 15192, 15210, 15102, 15210, 15120, 15102, 15138, 15192, 15372, 15102, 15102, 15102, 15102, 15120, 151
02, 15156, 15264, 15210, 15120, 15336, 15390, 15534, 15120, 15480, 15138, 15282, 15102, 15120, 15246, 15246
, 15282, 15192, 15210, 15354, 15318, 15264, 15120, 15714, 15138, 15462, 15102, 15102, 15120, 15102, 15336,
15390, 15390, 15192, 15120, 15120, 15228, 15264, 15354, 15138, 15300, 15192, 15174, 15300, 15282, 15138, 15
264, 15102, 15102, 15102, 15210, 15120, 15318, 15210, 15192, 15354, 15354, 15120, 15138, 15264, 15102, 1510
2, 15228, 15300, 15138, 15138, 15138, 15120, 15264, 15102, 15228, 15210, 15192, 15552, 15102, 15318, 15138,
 15192, 15102, 15120, 15408, 15228, 15516, 15300, 15264, 15264, 15102, 15102, 15102, 15300, 15534, 15102, 1
5102, 15102, 15174, 15174, 15102, 15318, 15192, 15282, 15462, 15336, 15120, 15516, 15192, 15120, 15102, 151
02, 15624, 15264, 15102, 15354, 15192, 15102, 15192, 15102, 15120, 15426, 15120, 15282, 15210, 15156, 15300
, 15102, 15102, 15102, 15192, 15174, 15300, 15318, 15210, 15120, 15102, 15354, 15192, 15264, 15102, 15300,
15264, 15264, 15102, 15264, 15102, 15120, 15102, 15120, 15246, 15372, 15120, 15102, 15120, 15300, 15102, 15
102, 15174, 15210, 15120, 15228, 15102, 15390, 15102, 15390, 15282, 15282, 15102, 15138, 15102, 15102, 1515
6, 15120, 15102, 15228, 15102, 15102, 15210, 15120, 15642, 15102, 15102, 15120, 15192, 15102, 15138, 15354,
 15102, 15174, 15174, 15102, 15210, 15534, 15246, 15498, 15264, 15300, 15120, 15102, 15102, 15102, 15120, 1
5264, 15102, 15210, 15210, 15156, 15552, 15102, 15156, 15102, 15300, 15246, 15102, 15210, 15102, 15120, 151
02, 15120, 15102, 15120, 15120, 15156, 15228, 15246, 15102, 15102, 15138, 15228, 15102, 15120, 15354, 15102
, 15390, 15120, 15102, 15138, 15120, 15102, 15282, 15228, 15318, 15264, 15120, 15318, 15156, 15102, 15174,
15354, 15336, 15120, 15156, 15174, 15174, 15426, 15120, 15120, 15120, 15354, 15192, 15210, 15354, 15138, 15
102, 15120, 15120, 15102, 15102, 15318, 15102, 15318, 15102, 15300, 15174, 15102, 15102, 15120, 15300, 1549
8, 15246, 15174, 15120, 15174, 15300, 15102, 15480, 15390, 15120, 15120, 15102, 15102, 15120, 15210, 15390,
 15102, 15120, 15102, 15120, 15264, 15264, 15246, 15120, 15246, 15120, 15120, 15174, 15246, 15192, 15102, 1
5102, 15192, 15192, 15246, 15192, 15246, 15228, 15138, 15354, 15174, 15300, 15264, 15102, 15264, 15102, 151
74, 15102, 15246, 15102, 15228, 15264, 15390, 15102, 15120, 15102, 15120, 15246, 15516, 15336, 15300, 15228
, 15102, 15192, 15246, 15120, 15102, 15174, 15516, 15102, 15282, 15246, 15120, 15318, 15102, 15102, 15102,
15102, 15120, 15300, 15102, 15246, 15300, 15264, 15228, 15102, 15246, 15120, 15228, 15102, 15102, 15426, 15
264, 15282, 15264, 15120, 15102, 15282, 15102, 15102, 15390, 15138, 15318, 15174, 15102, 15120, 15102, 1510
2, 15318, 15552, 15102, 15192, 15102, 15174, 15102, 15300, 15390, 15102, 15120, 15516, 15102, 15102, 15372,
 15102, 15282, 15300, 15102, 15102, 15480, 15300, 15300, 15102, 15120, 15138, 15120, 15102, 15462, 15120, 1
5318, 15102, 15552, 15102, 15102, 15354, 15228, 15426, 15390, 15102, 15300, 15102, 15102, 15210, 15354, 151
20, 15300, 15120, 15228, 15444, 15228, 15390, 15246, 15318, 15120, 15102, 15228, 15102, 15228, 15102, 15102
, 15606, 15102, 15102, 15192, 15354, 15354, 15102, 15282, 15120, 15372, 15102, 15102, 15192, 15138, 15174,
15102, 15102, 15228, 15102, 15264, 15336, 15102, 15102, 15498, 15246, 15282, 15120, 15300, 15102, 15282, 15
102, 15372, 15102, 15264, 15102, 15102, 15174, 15102, 15228, 15192, 15174, 15246, 15300, 15264, 15102, 1510
2, 15138, 15102, 15282, 15102, 15246, 15102, 15102, 15228, 15300, 15408, 15102, 15192, 15228, 15246, 15354,
 15246, 15282, 15102, 15102, 15120, 15156, 15102, 15102, 15228, 15102, 15102, 15102, 15282, 15300, 15228, 1
5102, 15390, 15102, 15102, 15120, 15174, 15102, 15102, 15570, 15102, 15120, 15318, 15282, 15156, 15246, 153
18, 15300, 15102, 15120, 15120, 15336, 15228, 15426, 15102, 15102, 15174, 15210, 15336, 15120, 15138, 15408
, 15120, 15102, 15264, 15192, 15354, 15120, 15192, 15102, 15300, 15120, 15102, 15102, 15102, 15480, 15102,
15228, 15138, 15264, 15192, 15192, 15300, 15192, 15300, 15282, 15120, 15210, 15210, 15120, 15102, 15120, 15
102, 15300, 15210, 15228, 15102, 15102, 15138, 15300, 15120, 15192, 15120, 15282, 15120, 15102, 15156, 1517
4, 15516, 15228, 15120, 15138, 15102, 15120, 15120, 15102, 15192, 15102, 15246, 15300, 15318, 15120, 15192,
 15444, 15102, 15102, 15264, 15174, 15282, 15390, 15210, 15120, 15192, 15264, 15300, 15264, 15102, 15120, 1
5120, 15660, 15534, 15120, 15102, 15138, 15264, 15120, 15138, 15102, 15102, 15120, 15264, 15282, 15102, 152
28, 15174, 15156, 15228, 15408, 15120, 15102, 15138, 15192, 15102, 15102, 15138, 15102, 15102, 15192, 15102
, 15516, 15102, 15102, 15174, 15372, 15120, 15192, 15246, 15192, 15120, 15120, 15318, 15120, 15282, 15192,
15102, 15354, 15228, 15138, 15102, 15192, 15282, 15354, 15102, 15102, 15120, 15138, 15102, 15102, 15534, 15
444, 15102, 15102, 15102, 15138, 15210, 15102, 15246, 15228, 15120, 15102, 15102, 15264, 15264, 15282, 1522
8, 15264, 15282, 15210, 15192, 15264, 15102, 15102, 15300, 15246, 15336, 15120, 15228, 15102, 15174, 15138,
 15426, 15102, 15102, 15444, 15120, 15102, 15102, 15102, 15120, 15138, 15120, 15246, 15102, 15174, 15120, 1
5282, 15264, 15264, 15246, 15138, 15210, 15102, 15282, 15426, 15120, 15120, 15192, 15138, 15102, 15138, 151
02, 15300, 15120, 15102, 15174, 15120, 15264, 15264, 15282, 15264, 15102, 15174, 15192, 15516, 15120, 15102
, 15228, 15120, 15228, 15336, 15102, 15264, 15282, 15102, 15390, 15192, 15102, 15102, 15102, 15138, 15156,
15102, 15102, 15102, 15408, 15120, 15102, 15174, 15192, 15228, 15102, 15264, 15264, 15102, 15282, 15174, 15
336, 15102, 15336, 15102, 15102, 15210, 15102, 15426, 15102, 15138, 15102, 15102, 15102, 15192, 15102, 1517
4, 15102, 15210, 15102, 15102, 15120, 15300, 15138, 15174, 15120, 15210, 15282, 15372, 15102, 15174, 15282,
 15120, 15102, 15138, 15102, 15228, 15174, 15318, 15264, 15120, 15372, 15102, 15138, 15192, 15192, 15102, 1
5174, 15372, 15156, 15390, 15102, 15102, 15174, 15282, 15102, 15120, 15102, 15102, 15264, 15228, 15174, 153
90, 15318, 15264, 15156, 15156, 15192, 15102, 15354, 15300, 15138, 15102, 15102, 15120, 15174, 15102, 15102
, 15102, 15336, 15372, 15120, 15228, 15228, 15120, 15102, 15102, 15210, 15354, 15318, 15138, 15102, 15246,
15120, 15192, 15318, 15300, 15480, 15210, 15408, 15102, 15120, 15102, 15156, 15210, 15120, 15336, 15102, 15
516, 15102, 15102, 15354, 15120, 15120, 15174, 15156, 15120, 15444, 15102, 15102, 15192, 15300, 15120, 1528
2, 15408, 15102, 15120, 15102, 15120, 15174, 15120, 15192, 15192, 15102, 15174, 15102, 15120, 15102, 15102,
 15228, 15174, 15156, 15300, 15102, 15246, 15246, 15102, 15228, 15246, 15246, 15102, 15102, 15192, 15228, 1
5102, 15102, 15300, 15102, 15300, 15102, 15102, 15120, 15192, 15102, 15192, 15102, 15174, 15102, 15264, 152
10, 15138, 15264, 15102, 15192, 15102, 15426, 15102, 15120, 15120, 15120, 15408, 15102, 15174, 15192, 15228
, 15192, 15102, 15228, 15282, 15210, 15156, 15300, 15210, 15102, 15138, 15138, 15282, 15246, 15102, 15210,
15102, 15174, 15102, 15102, 15156, 15264, 15102, 15102, 15156, 15102, 15300, 15102, 15138, 15318, 15282, 15
102, 15102, 15246, 15102, 15102, 15300, 15102, 15102, 15210, 15336, 15102, 15102, 15192, 15210, 15174, 1524
6, 15174, 15102, 15246, 15138, 15156, 15174, 15102, 15102, 15192, 15246, 15102, 15102, 15102, 15102, 15102,
 15246, 15102, 15264, 15120, 15318, 15246, 15606, 15102, 15138, 15174, 15426, 15480, 15264, 15336, 15228, 1
5120, 15462, 15300, 15390, 15138, 15228, 15102, 15138, 15174, 15228, 15210, 15102, 15408, 15120, 15264, 151
20, 15372, 15102, 15300, 15264, 15138, 15102, 15264, 15102, 15102, 15498, 15120, 15408, 15264, 15228, 15282
, 15714, 15120, 15102, 15102, 15120, 15102, 15102, 15264, 15120, 15120, 15444, 15102, 15246, 15174, 15372,
15300, 15120, 15120, 15246, 15300, 15102, 15174, 15174, 15480, 15102, 15228, 15102, 15192, 15120, 15246, 15
156, 15102, 15120, 15228, 15300, 15516, 15192, 15660, 15228, 15282, 15210, 15120, 15390, 15102, 15120, 1519
2, 15120, 15102, 15120, 15102, 15498, 15102, 15156, 15228, 15102, 15264, 15264, 15156, 15282, 15300, 15138,
 15228, 15264, 15174, 15444, 15102, 15246, 15102, 15210, 15102, 15102, 15102, 15138, 15264, 15120, 15120, 1
5372, 15120, 15228, 15102, 15102, 15210, 15102, 15444, 15156, 15120, 15228, 15192, 15102, 15102, 15102, 151
20, 15228, 15228, 15192, 15228, 15102, 15102, 15300, 15228, 15300, 15102, 15300, 15102, 15102, 15372, 15354
, 15102, 15174, 15102, 15408, 15120, 15102, 15660, 15120, 15120, 15228, 15192, 15102, 15336, 15120, 15102,
15102, 15228, 15102, 15174, 15498, 15354, 15372, 15300, 15102, 15102, 15264, 15102, 15444, 15120, 15120, 15
102, 15282, 15120, 15174, 15102, 15102, 15174, 15354, 15102, 15192, 15192, 15102, 15516, 15264, 15102, 1526
4, 15264, 15102, 15300, 15372, 15138, 15192, 15552, 15102, 15120, 15570, 15174, 15102, 15120, 15120, 15300,
 15300, 15498, 15120, 15336, 15102, 15264, 15102, 15102, 15192, 15102, 15102, 15102, 15102, 15120, 15390, 1
5336, 15192, 15300, 15228, 15156, 15102, 15372, 15264, 15102, 15318, 15228, 15192, 15246, 15102, 15102, 152
82, 15102, 15552, 15372, 15102, 15210, 15102, 15102, 15264, 15102, 15174, 15102, 15102, 15102, 15120, 15102
, 15228, 15318, 15102, 15174, 15426, 15444, 15102, 15102, 15102, 15102, 15102, 15462, 15120, 15102, 15228,
15462, 15102, 15732, 15498, 15210, 15120, 15174, 15210, 15102, 15102, 15174, 15462, 15102, 15228, 15264, 15
264, 15228, 15102, 15156, 15300, 15120, 15102, 15102, 15120, 15174, 15120, 15102, 15264, 15498, 15120, 1522
8, 15102, 15246, 15408, 15138, 15102, 15192, 15138, 15102, 15102, 15102, 15210, 15300, 15336, 15102, 15138,
 15156, 15102, 15138, 15102, 15264, 15174, 15102, 15102, 15102, 15300, 15264, 15120, 15174, 15210, 15102, 1
5210, 15444, 15228, 15300, 15300, 15192, 15120, 15264, 15102, 15120, 15120, 15228, 15120, 15174, 15120, 153
36, 15120, 15372, 15120, 15102, 15102, 15102, 15264, 15174, 15102, 15102, 15120, 15120, 15120, 15264, 15102
, 15174, 15264, 15120, 15264, 15102, 15102, 15102, 15372, 15102, 15354, 15228, 15102, 15192, 15426, 15102,
15102, 15102, 15102, 15228, 15354, 15336, 15138, 15318, 15336, 15390, 15210, 15102, 15336, 15120, 15174, 15
264, 15120, 15552, 15426, 15480, 15246, 15156, 15264, 15228, 15210, 15102, 15102, 15390, 15102, 15138, 1515
6, 15192, 15102, 15228, 15102, 15462, 15372, 15264, 15192, 15102, 15120, 15120, 15102, 15138, 15282, 15102,
 15300, 15102, 15102, 15318, 15102, 15174, 15264, 15210, 15102, 15156, 15588, 15354, 15120, 15102, 15264, 1
5498, 15444, 15120, 15102, 15102, 15336, 15102, 15300, 15102, 15246, 15192, 15246, 15354, 15102, 15102, 151
02, 15300, 15408, 15102, 15390, 15246, 15102, 15102, 15102, 15138, 15102, 15120, 15246, 15102, 15102, 15300
, 15354, 15120, 15462, 15300, 15300, 15174, 15300, 15138, 15192, 15102, 15102, 15192, 15102, 15102, 15120,
15102, 15174, 15120, 15336, 15102, 15102, 15102, 15300, 15102, 15102, 15102, 15102, 15264, 15120, 15246, 15
390, 15300, 15480, 15120, 15300, 15102, 15102, 15102, 15246, 15120, 15120, 15102, 15192, 15336, 15336, 1535
4, 15120, 15228, 15246, 15102, 15192, 15318, 15354, 15102, 15120, 15462, 15120, 15534, 15120, 15444, 15174,
 15372, 15318, 15120, 15516, 15102, 15120, 15282, 15246, 15354, 15102, 15174, 15264, 15264, 15120, 15102, 1
5102, 15120, 15102, 15120, 15228, 15174, 15102, 15498, 15102, 15228, 15264, 15102, 15102, 15210, 15426, 155
70, 15660, 15174, 15354, 15282, 15354, 15174, 15246, 15138, 15174, 15102, 15282, 15120, 15138, 15282, 15102
, 15102, 15120, 15264, 15102, 15300, 15444, 15354, 15138, 15318, 15246, 15390, 15102, 15102, 15174, 15102,
15102, 15120, 15264, 15660, 15696, 15336, 15426, 15102, 15120, 15102, 15138, 15174, 15120, 15336, 15102, 15
102, 15264, 15102, 15120, 15462, 15174, 15102, 15138, 15156, 15120, 15192, 15264, 15210, 15102, 15120, 1510
2, 15354, 15120, 15102, 15120, 15120, 15102, 15174, 15300, 15102, 15156, 15552, 15102, 15192, 15102, 15372,
 15120, 15138, 15480, 15192, 15282, 15102, 15102, 15102, 15102, 15102, 15228, 15228, 15408, 15282, 15228, 1
5282, 15192, 15120, 15156, 15120, 15498, 15426, 15264, 15210, 15102, 15102, 15390, 15174, 15102, 15138, 154
26, 15282, 15120, 15102, 15174, 15516, 15174, 15246, 15228, 15354, 15192, 15120, 15102, 15102, 15102, 15102
, 15336, 15192, 15264, 15120, 15192, 15192, 15102, 15102, 15246, 15192, 15282, 15282, 15102, 15120, 15102,
15120, 15120, 15102, 15390, 15120, 15102, 15102, 15246, 15102, 15300, 15102, 15102, 15102, 15318, 15318, 15
102, 15282, 15102, 15120, 15408, 15174, 15282, 15102, 15318, 15102, 15282, 15102, 15120, 15300, 15246, 1524
6, 15210, 15120, 15174, 15318, 15120, 15300, 15102, 15120, 15102, 15552, 15102, 15102, 15390, 15102, 15210,
 15192, 15192, 15354, 15120, 15156, 15120, 15102, 15228, 15102, 15264, 15102, 15102, 15156, 15138, 15102, 1
5192, 15120, 15156, 15102, 15120, 15138, 15102, 15120, 15210, 15102, 15102, 15138, 15246, 15264, 15120, 151
56, 15102, 15264, 15408, 15120, 15336, 15102, 15120, 15426, 15354, 15174, 15102, 15102, 15102, 15192, 15102
, 15390, 15264, 15246, 15102, 15192, 15102, 15102, 15102, 15174, 15102, 15300, 15390, 15138, 15102, 15102,
15102, 15102, 15102, 15228, 15102, 15102, 15120, 15120, 15246, 15210, 15336, 15120, 15120, 15336, 15102, 15
120, 15102, 15102, 15102, 15120, 15174, 15354, 15102, 15102, 15102, 15102, 15138, 15246, 15102, 15174, 1519
2, 15102, 15102, 15444, 15102, 15138, 15228, 15192, 15174, 15102, 15282, 15390, 15642, 15264, 15120, 15120,
 15120, 15102, 15138, 15192, 15120, 15300, 15228, 15228, 15138, 15102, 15210, 15354, 15246, 15102, 15354, 1
5102, 15102, 15102, 15246, 15102, 15102, 15336, 15444, 15120, 15570, 15192, 15102, 15192, 15102, 15138, 151
02, 15246, 15102, 15318, 15102, 15192, 15120, 15156, 15102, 15264, 15120, 15192, 15138, 15102, 15264, 15228
, 15570, 15102, 15102, 15228, 15120, 15102, 15228, 15102, 15102, 15102, 15264, 15138, 15102, 15264, 15138,
15300, 15282, 15354, 15300, 15516, 15102, 15102, 15156, 15156, 15156, 15264, 15102, 15300, 15228, 15300, 15
102, 15372, 15228, 15156, 15336, 15282, 15102, 15408, 15102, 15192, 15228, 15120, 15102, 15228, 15444, 1510
2, 15264, 15102, 15102, 15120, 15228, 15138, 15210, 15138, 15516, 15120, 15102, 15102, 15282, 15354, 15120,
 15228, 15606, 15174, 15228, 15696, 15264, 15660, 15120, 15336, 15498, 15102, 15264, 15246, 15102, 15138, 1
5462, 15174, 15102, 15336, 15282, 15156, 15336, 15138, 15174, 15192, 15264, 15102, 15120, 15102, 15120, 151
02, 15102, 15102, 15102, 15120, 15102, 15354, 15102, 15156, 15516, 15102, 15102, 15228, 15408, 15282, 15102
, 15210, 15102, 15102, 15246, 15120, 15552, 15264, 15174, 15120, 15642, 15462, 15228, 15318, 15336, 15138,
15120, 15300, 15102, 15102, 15102, 15102, 15192, 15372, 15120, 15120, 15102, 15408, 15102, 15264, 15642, 15
156, 15354, 15246, 15120, 15264, 15300, 15102, 15102, 15102, 15102, 15102, 15120, 15102, 15102, 15246, 1510
2, 15102, 15102, 15120, 15264, 15120, 15120, 15264, 15318, 15102, 15246, 15120, 15174, 15210, 15102, 15228,
 15102, 15300, 15282, 15156, 15282, 15102, 15264, 15516, 15354, 15102, 15228, 15120, 15102, 15246, 15102, 1
5426, 15282, 15102, 15102, 15192, 15102, 15192, 15444, 15264, 15120, 15120, 15318, 15102, 15210, 15570, 152
64, 15102, 15102, 15138, 15174, 15120, 15102, 15156, 15228, 15408, 15102, 15102, 15102, 15282, 15102, 15138
, 15264, 15408, 15282, 15102, 15102, 15102, 15246, 15264, 15102, 15282, 15444, 15192, 15120, 15300, 15120,
15282, 15282, 15228, 15264, 15102, 15174, 15192, 15336, 15228, 15102, 15102, 15282, 15120, 15102, 15516, 15
102, 15228, 15264, 15174, 15156, 15102, 15480, 15138, 15264, 15102, 15102, 15138, 15120, 15102, 15102, 1535
4, 15102, 15102, 15192, 15246, 15120, 15192, 15120, 15102, 15300, 15228, 15102, 15102, 15102, 15246, 15102,
 15426, 15336, 15102, 15246, 15498, 15120, 15156, 15390, 15102, 15408, 15102, 15174, 15246, 15102, 15102, 1
5120, 15102, 15372, 15102, 15552, 15282, 15228, 15102, 15120, 15228, 15300, 15228, 15354, 15102, 15228, 152
46, 15426, 15102, 15354, 15102, 15102, 15156, 15102, 15120, 15228, 15192, 15174, 15426, 15120, 15120, 15120
, 15354, 15282, 15102, 15120, 15336, 15192, 15102, 15516, 15102, 15102, 15246, 15210, 15318, 15282, 15102,
15120, 15102, 15138, 15264, 15120, 15210, 15102, 15156, 15120, 15102, 15354, 15102, 15120, 15300, 15282, 15
318, 15462, 15192, 15354, 15102, 15228, 15120, 15120, 15102, 15264, 15354, 15120, 15138, 15102, 15174, 1512
0, 15120, 15246, 15120, 15354, 15480, 15264, 15174, 15264, 15228, 15174, 15138, 15228, 15462, 15138, 15102,
 15174, 15102, 15192, 15102, 15138, 15426, 15264, 15228, 15372, 15282, 15102, 15210, 15102, 15102, 15102, 1
5120, 15354, 15156, 15246, 15210, 15102, 15336, 15246, 15228, 15120, 15156, 15120, 15102, 15102, 15120, 152
64, 15372, 15120, 15120, 15120, 15300, 15120, 15300, 15102, 15102, 15264, 15102, 15174, 15102, 15408, 15102
, 15102, 15156, 15660, 15120, 15228, 15372, 15102, 15102, 15102, 15246, 15102, 15156, 15516, 15102, 15102,
15102, 15102, 15228, 15300, 15444, 15102, 15300, 15264, 15102, 15174, 15156, 15300, 15120, 15210, 15192, 15
120, 15120, 15138, 15228, 15174, 15228, 15174, 15102, 15246, 15354, 15102, 15120, 15102, 15102, 15102, 1522
8, 15102, 15120, 15354, 15336, 15264, 15120, 15102, 15102, 15102, 15138, 15282, 15120, 15660, 15192, 15390,
 15102, 15102, 15102, 15264, 15138, 15102, 15120, 15102, 15300, 15102, 15102, 15102, 15336, 15426, 15120, 1
5192, 15426, 15102, 15390, 15102, 15102, 15102, 15246, 15264, 15102, 15120, 15102, 15102, 15102, 15102, 151
02, 15318, 15102, 15102, 15210, 15102, 15318, 15120, 15408, 15174, 15264, 15264, 15444, 15102, 15102, 15228
, 15138, 15246, 15138, 15102, 15120, 15120, 15228, 15120, 15102, 15372, 15120, 15102, 15336, 15390, 15138,
15408, 15174, 15174, 15138, 15606, 15174, 15264, 15156, 15102, 15120, 15174, 15336, 15336, 15246, 15228, 15
336, 15102, 15102, 15228, 15102, 15228, 15102, 15120, 15354, 15102, 15102, 15120, 15174, 15120, 15408, 1530
0, 15192, 15282, 15120, 15102, 15102, 15120, 15102, 15264, 15102, 15264, 15102, 15210, 15120, 15246, 15102,
 15102, 15120, 15102, 15228, 15102, 15174, 15120, 15102, 15318, 15102, 15174, 15102, 15228, 15408, 15246, 1
5102, 15210, 15138, 15120, 15264, 15282, 15156, 15120, 15210, 15102, 15102, 15660, 15102, 15462, 15138, 151
92, 15102, 15156, 15246, 15102, 15120, 15120, 15264, 15102, 15282, 15120, 15318, 15102, 15102, 15102, 15246
, 15102, 15210, 15102, 15192, 15228, 15174, 15300, 15102, 15120, 15516, 15282, 15264, 15390, 15102, 15192,
15120, 15102, 15210, 15102, 15102, 15102, 15174, 15408, 15228, 15264, 15192, 15102, 15246, 15174, 15228, 15
192, 15246, 15102, 15282, 15318, 15138, 15102, 15120, 15300, 15336, 15228, 15210, 15102, 15264, 15264, 1548
0, 15228, 15354, 15282, 15246, 15300, 15102, 15426, 15138, 15174, 15102, 15192, 15426, 15120, 15174, 15570,
 15138, 15336, 15138, 15318, 15264, 15102, 15354, 15156, 15282, 15282, 15102, 15102, 15408, 15120, 15300, 1
5300, 15174, 15264, 15570, 15102, 15264, 15192, 15102, 15120, 15102, 15102, 15246, 15264, 15246, 15174, 152
28, 15102, 15354, 15102, 15102, 15246, 15120, 15228, 15120, 15102, 15300, 15264, 15210, 15102, 15318, 15300
, 15120, 15102, 15102, 15336, 15102, 15282, 15300, 15264, 15102, 15102, 15264, 15408, 15174, 15174, 15498,
15102, 15228, 15228, 15102, 15480, 15516, 15192, 15264, 15120, 15120, 15300, 15102, 15102, 15552, 15102, 15
444, 15246, 15102, 15120, 15228, 15102, 15138, 15516, 15138, 15174, 15102, 15102, 15300, 15426, 15264, 1510
2, 15300, 15102, 15570, 15120, 15372, 15192, 15156, 15174, 15174, 15102, 15246, 15246, 15336, 15318, 15120,
 15192, 15300, 15228, 15210, 15318, 15102, 15390, 15192, 15210, 15264, 15102, 15354, 15426, 15102, 15192, 1
5102, 15228, 15102, 15498, 15120, 15174, 15246, 15138, 15102, 15174, 15300, 15102, 15102, 15102, 15102, 151
02, 15228, 15174, 15228, 15336, 15102, 15102, 15102, 15102, 15120, 15480, 15120, 15210, 15498, 15102, 15318
, 15408, 15138, 15120, 15102, 15228, 15210, 15300, 15210, 15246, 15156, 15102, 15102, 15120, 15120, 15246,
15120, 15318, 15120, 15246, 15246, 15102, 15102, 15228, 15102, 15696, 15300, 15120, 15120, 15156, 15102, 15
102, 15462, 15102, 15102, 15102, 15120, 15264, 15138, 15102, 15102, 15138, 15102, 15102, 15174, 15102, 1521
0, 15102, 15102, 15462, 15120, 15102, 15102, 15282, 15102, 15102, 15336, 15210, 15156, 15174, 15102, 15318,
 15264, 15102, 15246, 15372, 15102, 15120, 15120, 15120, 15228, 15390, 15102, 15102, 15336, 15102, 15138, 1
5264, 15426, 15192, 15444, 15228, 15138, 15282, 15444, 15246, 15228, 15120, 15102, 15102, 15318, 15120, 151
02, 15534, 15228, 15138, 15102, 15534, 15264, 15318, 15318, 15138, 15192, 15318, 15120, 15102, 15102, 15120
, 15300, 15120, 15102, 15246, 15228, 15354, 15102, 15372, 15408, 15102, 15300, 15138, 15264, 15246, 15570,
15300, 15102, 15102, 15102, 15102, 15120, 15228, 15102, 15426, 15120, 15120, 15228, 15498, 15102, 15102, 15
102, 15120, 15102, 15138, 15120, 15102, 15102, 15120, 15102, 15102, 15354, 15156, 15264, 15102, 15102, 1515
6, 15228, 15156, 15462, 15264, 15120, 15228, 15138, 15174, 15300, 15264, 15462, 15210, 15102, 15498, 15102,
 15138, 15120, 15174, 15246, 15120, 15102, 15264, 15228, 15102, 15102, 15120, 15102, 15102, 15336, 15534, 1
5336, 15480, 15462, 15228, 15336, 15120, 15156, 15102, 15138, 15102, 15102, 15102, 15228, 15102, 15102, 155
16, 15102, 15210, 15102, 15138, 15102, 15264, 15120, 15120, 15102, 15300, 15390, 15264, 15192, 15120, 15120
, 15246, 15516, 15120, 15156, 15156, 15102, 15102, 15264, 15282, 15192, 15174, 15102, 15264, 15390, 15102,
15192, 15102, 15660, 15120, 15300, 15228, 15156, 15102, 15282, 15210, 15102, 15174, 15390, 15102, 15282, 15
102, 15552, 15156, 15300, 15102, 15246, 15102, 15102, 15210, 15102, 15480, 15120, 15264, 15300, 15264, 1510
2, 15120, 15102, 15102, 15372, 15120, 15102, 15354, 15318, 15102, 15246, 15102, 15246, 15102, 15192, 15120,
 15228, 15102, 15300, 15282, 15120, 15102, 15174, 15228, 15318, 15300, 15282, 15138, 15120, 15516, 15102, 1
5120, 15210, 15120, 15102, 15120, 15246, 15498, 15120, 15156, 15174, 15102, 15102, 15228, 15300, 15228, 151
20, 15102, 15516, 15282, 15480, 15246, 15192, 15102, 15354, 15282, 15102, 15570, 15300, 15102, 15102, 15120
, 15138, 15174, 15102, 15264, 15246, 15228, 15336, 15102, 15264, 15210, 15264, 15102, 15102, 15408, 15102,
15192, 15264, 15138, 15102, 15102, 15264, 15282, 15210, 15102, 15354, 15102, 15210, 15660, 15102, 15174, 15
282, 15678, 15102, 15354, 15102, 15120, 15354, 15102, 15210, 15390, 15102, 15282, 15300, 15138, 15102, 1510
2, 15354, 15372, 15102, 15408, 15102, 15300, 15570, 15120, 15102, 15246, 15264, 15156, 15120, 15102, 15300,
 15120, 15120, 15282, 15246, 15102, 15354, 15264, 15102, 15102, 15300, 15102, 15138, 15264, 15246, 15138, 1
5102, 15228, 15336, 15300, 15300, 15318, 15228, 15318, 15102, 15120, 15102, 15228, 15102, 15246, 15138, 151
02, 15102, 15480, 15390, 15174, 15192, 15228, 15534, 15102, 15120, 15120, 15228, 15408, 15408, 15102, 15318
, 15336, 15102, 15102, 15354, 15102, 15336, 15336, 15102, 15102, 15102, 15372, 15444, 15228, 15228, 15390,
15264, 15246, 15120, 15300, 15138, 15174, 15264, 15228, 15102, 15120, 15120, 15210, 15120, 15246, 15336, 15
120, 15102, 15102, 15156, 15102, 15246, 15318, 15138, 15102, 15282, 15120, 15102, 15390, 15336, 15390, 1510
2, 15516, 15192, 15102, 15174, 15102, 15102, 15102, 15138, 15156, 15462, 15264, 15120, 15102, 15120, 15102,
 15282, 15300, 15102, 15102, 15300, 15174, 15210, 15102, 15102, 15300, 15156, 15228, 15102, 15408, 15102, 1
5264, 15354, 15138, 15120, 15120, 15102, 15246, 15336, 15390, 15102, 15228, 15102, 15102, 15390, 15174, 152
46, 15246, 15102, 15102, 15426, 15246, 15282, 15120, 15174, 15120, 15570, 15192, 15102, 15120, 15102, 15354
, 15246, 15210, 15120, 15102, 15192, 15120, 15102, 15390, 15102, 15138, 15102, 15102, 15120, 15264, 15192,
15102, 15372, 15174, 15102, 15102, 15102, 15102, 15192, 15228, 15210, 15282, 15228, 15426, 15102, 15336, 15
318, 15192, 15102, 15102, 15102, 15120, 15102, 15120, 15282, 15102, 15102, 15120, 15228, 15264, 15102, 1510
2, 15102, 15228, 15102, 15462, 15192, 15264, 15102, 15318, 15408, 15210, 15102, 15426, 15426, 15210, 15102,
 15120, 15192, 15336, 15408, 15282, 15120, 15264, 15192, 15282, 15120, 15372, 15102, 15228, 15102, 15336, 1
5246, 15426, 15102, 15102, 15408, 15120, 15264, 15120, 15228, 15102, 15138, 15120, 15264, 15372, 15102, 151
38, 15102, 15210, 15246, 15264, 15228, 15228, 15714, 15210, 15174, 15120, 15120, 15174, 15138, 15174, 15156
, 15246, 15120, 15102, 15102, 15102, 15498, 15120, 15138, 15102, 15156, 15120, 15354, 15102, 15552, 15228,
15228, 15102, 15120, 15318, 15102, 15102, 15102, 15120, 15102, 15120, 15300, 15372, 15102, 15138, 15210, 15
480, 15264, 15102, 15246, 15120, 15408, 15102, 15426, 15138, 15660, 15300, 15300, 15102, 15174, 15120, 1530
0, 15102, 15138, 15246, 15102, 15354, 15102, 15102, 15102, 15102, 15300, 15354, 15282, 15300, 15246, 15102,
 15102, 15102, 15120, 15228, 15156, 15264, 15102, 15102, 15102, 15192, 15102, 15210, 15102, 15300, 15102, 1
5102, 15300, 15102, 15246, 15462, 15138, 15462, 15120, 15102, 15102, 15138, 15102, 15102, 15480, 15210, 151
02, 15120, 15102, 15228, 15372, 15264, 15102, 15120, 15282, 15300, 15120, 15102, 15498, 15102, 15102, 15426
, 15174, 15102, 15120, 15120, 15102, 15282, 15174, 15102, 15336, 15282, 15102, 15390, 15120, 15462, 15102,
15120, 15210, 15534, 15102, 15264, 15102, 15156, 15642, 15282, 15372, 15210, 15228, 15102, 15102, 15300, 15
264, 15120, 15102, 15120, 15174, 15300, 15390, 15300, 15300, 15390, 15300, 15102, 15624, 15120, 15102, 1531
8, 15102, 15102, 15300, 15264, 15462, 15210, 15264, 15192, 15282, 15102, 15174, 15210, 15336, 15228, 15102,
 15102, 15264, 15246, 15102, 15408, 15516, 15120, 15336, 15120, 15120, 15102, 15102, 15102, 15264, 15102, 1
5102, 15102, 15282, 15102, 15102, 15138, 15300, 15156, 15174, 15102, 15120, 15210, 15120, 15282, 15102, 151
02, 15120, 15102, 15120, 15318, 15264, 15426, 15174, 15120, 15318, 15120, 15246, 15120, 15102, 15498, 15408
, 15246, 15102, 15264, 15102, 15102, 15102, 15228, 15264, 15120, 15372, 15120, 15102, 15102, 15246, 15102,
15246, 15120, 15714, 15102, 15210, 15138, 15192, 15102, 15102, 15264, 15174, 15534, 15264, 15282, 15264, 15
102, 15264, 15120, 15102, 15138, 15120, 15102, 15120, 15156, 15174, 15102, 15102, 15228, 15102, 15102, 1510
2, 15192, 15120, 15336, 15102, 15480, 15192, 15246, 15246, 15102, 15174, 15300, 15300, 15336, 15102, 15174,
 15192, 15444, 15192, 15228, 15102, 15102, 15120, 15102, 15282, 15228, 15300, 15120, 15228, 15498, 15120, 1
5102, 15102, 15120, 15192, 15372, 15102, 15102, 15102, 15102, 15228, 15498, 15390, 15390, 15228, 15120, 153
54, 15102, 15102, 15336, 15192, 15138, 15120, 15174, 15264, 15282, 15120, 15444, 15300, 15138, 15156, 15390
, 15300, 15282, 15102, 15426, 15516, 15318, 15102, 15318, 15102, 15102, 15336, 15264, 15300, 15246, 15120,
15354, 15174, 15102, 15282, 15300, 15102, 15102, 15192, 15120, 15102, 15102, 15354, 15120, 15264, 15228, 15
102, 15228, 15102, 15102, 15102, 15264, 15120, 15174, 15570, 15300, 15102, 15246, 15264, 15138, 15300, 1530
0, 15462, 15264, 15192, 15192, 15102, 15300, 15138, 15102, 15102, 15210, 15156, 15102, 15282, 15102, 15120,
 15102, 15174, 15102, 15786, 15102, 15156, 15120, 15138, 15102, 15102, 15156, 15318, 15120, 15228, 15138, 1
5246, 15390, 15210, 15102, 15408, 15372, 15264, 15102, 15102, 15246, 15264, 15156, 15264, 15102, 15444, 151
02, 15138, 15102, 15102, 15120, 15102, 15102, 15210, 15192, 15354, 15300, 15156, 15228, 15120, 15354, 15246
, 15102, 15102, 15120, 15120, 15102, 15264, 15138, 15102, 15390, 15318, 15102, 15264, 15102, 15120, 15102,
15174, 15264, 15210, 15102, 15246, 15102, 15102, 15102, 15102, 15300, 15696, 15246, 15102, 15138, 15390, 15
174, 15102, 15228, 15210, 15192, 15462, 15102, 15102, 15102, 15102, 15210, 15156, 15102, 15120, 15102, 1521
0, 15102, 15120, 15246, 15210, 15138, 15318, 15102, 15102, 15210, 15174, 15102, 15174, 15228, 15480, 15102,
 15246, 15102, 15102, 15426, 15102, 15102, 15102, 15210, 15120, 15120, 15102, 15102, 15174, 15102, 15246, 1
5246, 15174, 15102, 15102, 15102, 15210, 15156, 15174, 15318, 15102, 15138, 15102, 15102, 15228, 15120, 151
92, 15102, 15264, 15300, 15408, 15192, 15210, 15102, 15264, 15120, 15228, 15282, 15102, 15300, 15102, 15354
, 15120, 15336, 15102, 15264, 15354, 15120, 15156, 15102, 15102, 15228, 15210, 15102, 15282, 15102, 15120,
15192, 15102, 15102, 15102, 15102, 15300, 15192, 15210, 15372, 15102, 15156, 15228, 15210, 15300, 15102, 15
138, 15120, 15174, 15102, 15228, 15300, 15300, 15102, 15102, 15174, 15246, 15174, 15228, 15354, 15516, 1521
0, 15120, 15246, 15408, 15264, 15282, 15246, 15192, 15300, 15210, 15300, 15318, 15426, 15156, 15318, 15372,
 15120, 15102, 15228, 15102, 15102, 15102, 15102, 15102, 15102, 15174, 15102, 15498, 15102, 15102, 15408, 1
5102, 15120, 15120, 15102, 15282, 15102, 15138, 15372, 15246, 15228, 15120, 15264, 15102, 15102, 15624, 151
02, 15516, 15138, 15156, 15264, 15156, 15102, 15192, 15354, 15102, 15120, 15408, 15120, 15264, 15174, 15120
, 15192, 15264, 15102, 15102, 15102, 15102, 15444, 15120, 15138, 15102, 15102, 15102, 15102, 15354, 15102,
15102, 15354, 15102, 15120, 15102, 15156, 15102, 15156, 15534, 15264, 15102, 15192, 15120, 15264, 15120, 15
354, 15210, 15102, 15228, 15102, 15300, 15120, 15138, 15102, 15102, 15102, 15120, 15102, 15120, 15138, 1522
8, 15264, 15156, 15102, 15264, 15138, 15264, 15120, 15102, 15264, 15174, 15246, 15138, 15102, 15228, 15120,
 15156, 15174, 15102, 15102, 15210, 15174, 15156, 15192, 15102, 15102, 15120, 15156, 15102, 15246, 15102, 1
5300, 15480, 15102, 15120, 15300, 15192, 15120, 15102, 15156, 15102, 15318, 15102, 15300, 15246, 15120, 151
74, 15102, 15120, 15102, 15120, 15102, 15102, 15192, 15282, 15228, 15282, 15336, 15174, 15102, 15354, 15120
, 15156, 15174, 15102, 15102, 15102, 15264, 15102, 15336, 15228, 15102, 15102, 15228, 15120, 15192, 15102,
15174, 15390, 15264, 15138, 15102, 15210, 15390, 15102, 15246, 15372, 15138, 15246, 15264, 15138, 15138, 15
102, 15300, 15192, 15102, 15624, 15102, 15102, 15102, 15102, 15102, 15354, 15120, 15318, 15192, 15246, 1512
0, 15246, 15318, 15228, 15156, 15534, 15264, 15192, 15246, 15570, 15120, 15192, 15246, 15210, 15102, 15156,
 15120, 15228, 15336, 15102, 15354, 15120, 15228, 15660, 15102, 15210, 15318, 15588, 15102, 15174, 15102, 1
5174, 15498, 15156, 15246, 15102, 15102, 15102, 15264, 15192, 15102, 15228, 15228, 15120, 15102, 15210, 151
02, 15156, 15102, 15102, 15156, 15228, 15174, 15102, 15534, 15390, 15120, 15102, 15228, 15408, 15408, 15156
, 15192, 15120, 15210, 15210, 15138, 15210, 15174, 15534, 15120, 15192, 15210, 15120, 15102, 15300, 15282,
15282, 15120, 15102, 15264, 15228, 15174, 15102, 15354, 15336, 15120, 15174, 15102, 15102, 15102, 15228, 15
120, 15138, 15102, 15354, 15228, 15354, 15336, 15120, 15372, 15174, 15282, 15120, 15228, 15408, 15102, 1522
8, 15228, 15102, 15282, 15246, 15138, 15102, 15120, 15174, 15102, 15102, 15174, 15336, 15138, 15174, 15408,
 15300, 15264, 15300, 15102, 15246, 15336, 15102, 15120, 15426, 15120, 15516, 15102, 15408, 15102, 15120, 1
5102, 15282, 15264, 15156, 15102, 15102, 15444, 15228, 15408, 15318, 15102, 15300, 15174, 15336, 15102, 154
26, 15264, 15390, 15174, 15174, 15390, 15192, 15192, 15120, 15282, 15138, 15102, 15246, 15156, 15102, 15102
, 15120, 15390, 15102, 15300, 15498, 15120, 15246, 15120, 15444, 15102, 15336, 15318, 15102, 15102, 15102,
15120, 15102, 15138, 15102, 15246, 15120, 15138, 15480, 15120, 15300, 15102, 15156, 15300, 15408, 15102, 15
102, 15210, 15210, 15102, 15228, 15174, 15156, 15462, 15264, 15120, 15120, 15120, 15102, 15372, 15102, 1510
2, 15192, 15120, 15210, 15120, 15120, 15102, 15102, 15264, 15102, 15102, 15282, 15426, 15210, 15336, 15102,
 15102, 15102, 15264, 15300, 15102, 15246, 15138, 15372, 15102, 15120, 15390, 15336, 15174, 15102, 15246, 1
5372, 15264, 15102, 15228, 15264, 15156, 15120, 15336, 15408, 15120, 15174, 15102, 15210, 15102, 15120, 151
56, 15156, 15246, 15174, 15300, 15102, 15174, 15120, 15120, 15102, 15192, 15210, 15102, 15642, 15210, 15120
, 15102, 15192, 15192, 15102, 15246, 15372, 15156, 15462, 15192, 15102, 15120, 15102, 15102, 15102, 15354,
15138, 15300, 15102, 15102, 15120, 15102, 15120, 15102, 15120, 15390, 15228, 15102, 15120, 15228, 15156, 15
102, 15210, 15516, 15138, 15264, 15102, 15192, 15282, 15120, 15102, 15228, 15102, 15336, 15282, 15336, 1510
2, 15264, 15120, 15102, 15444, 15102, 15102, 15102, 15174, 15300, 15552, 15174, 15282, 15120, 15102, 15120,
 15174, 15120, 15246, 15300, 15174, 15192, 15174, 15120, 15120, 15282, 15102, 15120, 15102, 15192, 15102, 1
5246, 15102, 15120, 15102, 15102, 15246, 15120, 15174, 15102, 15102, 15102, 15336, 15210, 15264, 15228, 153
90, 15120, 15102, 15354, 15102, 15102, 15228, 15228, 15102, 15102, 15192, 15120, 15192, 15102, 15120, 15300
, 15102, 15228, 15102, 15534, 15102, 15102, 15300, 15102, 15102, 15102, 15192, 15102, 15102, 15102, 15264,
15228, 15102, 15264, 15336, 15300, 15102, 15174, 15120, 15372, 15264, 15120, 15246, 15102, 15174, 15444, 15
282, 15246, 15210, 15120, 15192, 15498, 15192, 15408, 15102, 15102, 15300, 15228, 15102, 15354, 15102, 1512
0, 15102, 15120, 15102, 15210, 15336, 15264, 15264, 15120, 15102, 15246, 15336, 15228, 15102, 15120, 15282,
 15102, 15102, 15228, 15282, 15228, 15408, 15102, 15120, 15102, 15120, 15102, 15354, 15102, 15192, 15246, 1
5390, 15210, 15354, 15282, 15120, 15102, 15102, 15102, 15210, 15138, 15300, 15102, 15498, 15228, 15354, 152
64, 15192, 15174, 15210, 15318, 15102, 15174, 15282, 15174, 15120, 15102, 15192, 15228, 15102, 15102, 15138
, 15264, 15480, 15120, 15138, 15390, 15120, 15102, 15408, 15120, 15120, 15390, 15174, 15282, 15102, 15282,
15282, 15138, 15300, 15120, 15264, 15228, 15102, 15282, 15228, 15102, 15552, 15102, 15120, 15102, 15426, 15
120, 15138, 15462, 15102, 15102, 15120, 15462, 15516, 15228, 15102, 15102, 15282, 15102, 15102, 15408, 1510
2, 15102, 15642, 15102, 15102, 15264, 15318, 15300, 15102, 15192, 15120, 15192, 15300, 15138, 15120, 15120,
 15192, 15174, 15102, 15300, 15210, 15138, 15246, 15102, 15120, 15102, 15264, 15264, 15102, 15120, 15264, 1
5516, 15426, 15228, 15300, 15102, 15318, 15102, 15102, 15102, 15120, 15102, 15552, 15102, 15120, 15228, 151
02, 15192, 15390, 15120, 15138, 15138, 15192, 15102, 15210, 15282, 15552, 15138, 15372, 15192, 15102, 15120
, 15390, 15138, 15264, 15102, 15354, 15390, 15228, 15102, 15102, 15228, 15156, 15102, 15516, 15192, 15192,
15138, 15786, 15102, 15120, 15120, 15426, 15228, 15174, 15102, 15192, 15390, 15102, 15120, 15102, 15102, 15
354, 15120, 15210, 15462, 15102, 15102, 15300, 15336, 15102, 15228, 15264, 15138, 15102, 15102, 15102, 1513
8, 15120, 15282, 15102, 15390, 15120, 15462, 15102, 15120, 15120, 15264, 15120, 15102, 15174, 15174, 15102,
 15336, 15102, 15192, 15210, 15174, 15102, 15210, 15300, 15120, 15336, 15246, 15102, 15480, 15228, 15102, 1
5282, 15282, 15102, 15102, 15102, 15156, 15570, 15372, 15120, 15102, 15426, 15102, 15228, 15102, 15156, 153
90, 15120, 15354, 15354, 15210, 15282, 15120, 15390, 15282, 15102, 15102, 15228, 15228, 15120, 15102, 15102
, 15102, 15120, 15192, 15138, 15264, 15210, 15102, 15138, 15102, 15228, 15102, 15120, 15300, 15102, 15102,
15120, 15588, 15192, 15192, 15120, 15246, 15120, 15408, 15318, 15336, 15120, 15102, 15102, 15102, 15120, 15
120, 15102, 15102, 15228, 15264, 15102, 15102, 15120, 15300, 15156, 15102, 15120, 15102, 15102, 15156, 1522
8, 15102, 15174, 15516, 15282, 15102, 15120, 15102, 15102, 15246, 15174, 15282, 15102, 15192, 15102, 15156,
 15210, 15228, 15102, 15210, 15102, 15120, 15102, 15174, 15318, 15462, 15264, 15120, 15120, 15138, 15102, 1
5498, 15102, 15102, 15282, 15210, 15408, 15102, 15516, 15102, 15102, 15192, 15210, 15372, 15354, 15462, 152
64, 15228, 15390, 15120, 15192, 15282, 15210, 15228, 15156, 15174, 15282, 15516, 15102, 15102, 15156, 15156
, 15102, 15264, 15102, 15354, 15102, 15102, 15462, 15174, 15264, 15102, 15606, 15120, 15120, 15102, 15444,
15156, 15102, 15102, 15192, 15102, 15246, 15174, 15120, 15102, 15102, 15120, 15354, 15102, 15102, 15102, 15
102, 15120, 15282, 15174, 15102, 15174, 15102, 15228, 15120, 15120, 15264, 15408, 15174, 15120, 15120, 1510
2, 15102, 15282, 15228, 15462, 15408, 15228, 15336, 15120, 15102, 15138, 15300, 15102, 15102, 15102, 15354,
 15102, 15120, 15102, 15192, 15120, 15120, 15408, 15516, 15246, 15174, 15174, 15102, 15336, 15138, 15300, 1
5138, 15120, 15282, 15246, 15444, 15570, 15102, 15102, 15354, 15120, 15336, 15102, 15336, 15156, 15120, 151
02, 15102, 15264, 15138, 15192, 15390, 15318, 15138, 15102, 15120, 15300, 15516, 15228, 15570, 15102, 15264
, 15264, 15210, 15336, 15102, 15102, 15102, 15102, 15102, 15102, 15102, 15102, 15336, 15282, 15120, 15102,
15138, 15210, 15120, 15264, 15102, 15192, 15174, 15336, 15246, 15138, 15102, 15714, 15318, 15102, 15228, 15
264, 15282, 15120, 15390, 15120, 15228, 15102, 15102, 15102, 15426, 15264, 15120, 15102, 15426, 15318, 1510
2, 15246, 15264, 15264, 15102, 15102, 15102, 15102, 15102, 15120, 15174, 15228, 15210, 15192, 15192, 15264,
 15120, 15120, 15246, 15156, 15120, 15426, 15102, 15102, 15102, 15120, 15300, 15102, 15102, 15102, 15102, 1
5138, 15102, 15192, 15102, 15390, 15120, 15120, 15246, 15102, 15192, 15102, 15426, 15156, 15192, 15228, 151
74, 15156, 15210, 15102, 15516, 15228, 15120, 15264, 15264, 15138, 15426, 15246, 15156, 15102, 15174, 15264
, 15282, 15246, 15102, 15102, 15102, 15264, 15102, 15102, 15138, 15102, 15498, 15228, 15102, 15102, 15120,
15462, 15102, 15318, 15300, 15282, 15300, 15102, 15102, 15120, 15102, 15336, 15264, 15174, 15174, 15570, 15
318, 15300, 15102, 15336, 15102, 15462, 15102, 15408, 15102, 15156, 15336, 15210, 15138, 15300, 15282, 1528
2, 15102, 15282, 15192, 15552, 15318, 15192, 15156, 15300, 15174, 15318, 15156, 15138, 15210, 15300, 15102,
 15174, 15102, 15102, 15210, 15120, 15102, 15102, 15354, 15120, 15264, 15228, 15246, 15300, 15228, 15102, 1
5516, 15120, 15264, 15138, 15228, 15192, 15102, 15300, 15120, 15570, 15120, 15228, 15174, 15102, 15336, 153
00, 15120, 15264, 15102, 15102, 15102, 15246, 15102, 15246, 15102, 15156, 15264, 15102, 15300, 15174, 15444
, 15102, 15318, 15156, 15102, 15192, 15120, 15102, 15246, 15102, 15102, 15516, 15120, 15408, 15300, 15192,
15264, 15120, 15192, 15138, 15192, 15102, 15264, 15228, 15246, 15318, 15102, 15210, 15300, 15120, 15102, 15
282, 15138, 15102, 15282, 15120, 15120, 15102, 15102, 15120, 15174, 15264, 15102, 15498, 15228, 15336, 1512
0, 15174, 15264, 15102, 15102, 15246, 15120, 15372, 15102, 15120, 15120, 15516, 15102, 15120, 15210, 15264,
 15102, 15228, 15300, 15102, 15120, 15372, 15228, 15264, 15102, 15228, 15174, 15426, 15570, 15264, 15102, 1
5192, 15102, 15192, 15372, 15156, 15462, 15192, 15192, 15102, 15102, 15120, 15102, 15228, 15102, 15444, 151
20, 15264, 15192, 15390, 15192, 15372, 15228, 15264, 15102, 15282, 15678, 15318, 15408, 15120, 15516, 15120
, 15120, 15300, 15444, 15336, 15174, 15228, 15102, 15192, 15102, 15120, 15102, 15246, 15102, 15246, 15264,
15138, 15264, 15246, 15102, 15156, 15102, 15228, 15120, 15264, 15138, 15120, 15138, 15192, 15120, 15228, 15
120, 15300, 15336, 15102, 15300, 15102, 15102, 15264, 15282, 15102, 15102, 15246, 15192, 15102, 15516, 1512
0, 15210, 15498, 15174, 15102, 15552, 15102, 15120, 15246, 15300, 15228, 15228, 15138, 15102, 15102, 15192,
 15102, 15102, 15102, 15120, 15120, 15372, 15174, 15300, 15120, 15156, 15120, 15264, 15156, 15138, 15102, 1
5192, 15120, 15516, 15174, 15102, 15228, 15156, 15102, 15282, 15192, 15210, 15300, 15102, 15408, 15210, 151
02, 15192, 15102, 15336, 15102, 15174, 15102, 15192, 15156, 15138, 15246, 15300, 15102, 15498, 15246, 15246
, 15246, 15120, 15102, 15228, 15138, 15516, 15102, 15210, 15120, 15120, 15300, 15228, 15228, 15516, 15192,
15120, 15102, 15102, 15120, 15354, 15120, 15318, 15246, 15120, 15120, 15156, 15174, 15102, 15102, 15318, 15
102, 15336, 15426, 15102, 15246, 15120, 15282, 15264, 15120, 15120, 15102, 15390, 15228, 15138, 15174, 1522
8, 15102, 15336, 15120, 15498, 15282, 15318, 15102, 15120, 15354, 15102, 15390, 15138, 15102, 15390, 15102,
 15282, 15102, 15102, 15336, 15102, 15228, 15102, 15264, 15102, 15372, 15102, 15120, 15102, 15228, 15120, 1
5318, 15498, 15228, 15102, 15264, 15138, 15102, 15354, 15120, 15318, 15102, 15192, 15192, 15102, 15120, 152
64, 15264, 15318, 15174, 15138, 15102, 15192, 15102, 15246, 15228, 15174, 15156, 15246, 15102, 15246, 15102
, 15264, 15102, 15102, 15120, 15102, 15300, 15120, 15426, 15120, 15102, 15102, 15102, 15102, 15102, 15498,
15390, 15354, 15300, 15336, 15102, 15102, 15102, 15102, 15246, 15282, 15102, 15120, 15120, 15102, 15264, 15
102, 15426, 15102, 15138, 15102, 15354, 15102, 15210, 15102, 15102, 15174, 15174, 15228, 15444, 15282, 1517
4, 15192, 15570, 15156, 15120, 15318, 15156, 15174, 15462, 15120, 15102, 15282, 15372, 15102, 15246, 15102,
 15462, 15336, 15102, 15660, 15120, 15192, 15516, 15102, 15426, 15102, 15228, 15102, 15102, 15102, 15102, 1
5102, 15264, 15102, 15426, 15372, 15192, 15156, 15300, 15174, 15120, 15138, 15246, 15102, 15192, 15192, 151
02, 15318, 15300, 15102, 15102, 15138, 15102, 15300, 15354, 15714, 15102, 15102, 15102, 15246, 15138, 15336
, 15372, 15282, 15228, 15102, 15498, 15102, 15246, 15228, 15210, 15120, 15264, 15192, 15120, 15102, 15228,
15102, 15156, 15552, 15264, 15588, 15120, 15138, 15120, 15192, 15102, 15102, 15102, 15120, 15102, 15390, 15
174, 15102, 15282, 15102, 15102, 15318, 15174, 15102, 15228, 15102, 15120, 15156, 15120, 15174, 15264, 1512
0, 15120, 15300, 15336, 15480, 15120, 15246, 15300, 15102, 15120, 15102, 15102, 15102, 15408, 15102, 15372,
 15174, 15192, 15246, 15390, 15120, 15246, 15138, 15102, 15282, 15246, 15102, 15318, 15102, 15102, 15408, 1
5228, 15102, 15102, 15120, 15282, 15156, 15138, 15228, 15120, 15210, 15174, 15426, 15102, 15102, 15174, 153
36, 15228, 15102, 15102, 15192, 15300, 15318, 15102, 15120, 15264, 15282, 15336, 15120, 15480, 15102, 15102
, 15138, 15102, 15138, 15264, 15300, 15390, 15318, 15192, 15102, 15372, 15426, 15120, 15264, 15102, 15408,
15354, 15264, 15120, 15210, 15174, 15228, 15102, 15264, 15264, 15102, 15264, 15102, 15102, 15192, 15192, 15
192, 15102, 15120, 15138, 15120, 15102, 15156, 15282, 15282, 15192, 15264, 15246, 15102, 15102, 15102, 1512
0, 15102, 15264, 15102, 15462, 15228, 15300, 15102, 15228, 15246, 15102, 15102, 15102, 15102, 15102, 15228,
 15246, 15102, 15300, 15300, 15336, 15156, 15210, 15264, 15120, 15192, 15102, 15102, 15120, 15156, 15102, 1
5192, 15156, 15462, 15102, 15300, 15102, 15210, 15174, 15210, 15354, 15174, 15102, 15246, 15642, 15264, 151
38, 15282, 15120, 15246, 15192, 15192, 15246, 15264, 15120, 15102, 15408, 15174, 15282, 15102, 15138, 15102
, 15174, 15192, 15228, 15102, 15264, 15354, 15228, 15120, 15102, 15210, 15102, 15102, 15102, 15120, 15156,
15462, 15282, 15246, 15534, 15300, 15102, 15120, 15264, 15102, 15102, 15120, 15264, 15282, 15102, 15192, 15
354, 15192, 15120, 15174, 15408, 15138, 15102, 15678, 15246, 15336, 15102, 15102, 15246, 15282, 15102, 1530
0, 15102, 15156, 15102, 15102, 15372, 15102, 15354, 15246, 15102, 15120, 15282, 15138, 15102, 15264, 15102,
 15102, 15102, 15426, 15102, 15354, 15372, 15336, 15102, 15102, 15192, 15174, 15174, 15246, 15174, 15354, 1
5102, 15228, 15228, 15102, 15102, 15120, 15102, 15282, 15102, 15120, 15102, 15102, 15102, 15156, 15102, 152
46, 15516, 15210, 15534, 15102, 15570, 15318, 15282, 15102, 15120, 15426, 15264, 15192, 15228, 15120, 15102
, 15300, 15300, 15102, 15102, 15354, 15228, 15102, 15264, 15102, 15354, 15246, 15354, 15102, 15336, 15264,
15156, 15174, 15102, 15174, 15264, 15192, 15102, 15102, 15318, 15300, 15102, 15354, 15102, 15228, 15102, 15
228, 15228, 15120, 15102, 15102, 15246, 15120, 15156, 15282, 15120, 15264, 15102, 15102, 15444, 15120, 1517
4, 15120, 15102, 15336, 15516, 15120, 15336, 15318, 15228, 15390, 15102, 15354, 15516, 15102, 15120, 15336,
 15300, 15102, 15516, 15228, 15102, 15120, 15120, 15102, 15210, 15102, 15120, 15264, 15318, 15120, 15102, 1
5102, 15138, 15102, 15246, 15282, 15264, 15264, 15102, 15102, 15264, 15354, 15300, 15120, 15174, 15300, 152
46, 15120, 15120, 15102, 15372, 15768, 15102, 15282, 15228, 15228, 15228, 15660, 15372, 15426, 15372, 15102
, 15228, 15102, 15534, 15228, 15174, 15354, 15444, 15174, 15300, 15102, 15120, 15282, 15192, 15102, 15102,
15246, 15138, 15102, 15102, 15102, 15264, 15102, 15300, 15264, 15102, 15102, 15156, 15300, 15102, 15228, 15
120, 15300, 15318, 15156, 15120, 15102, 15498, 15192, 15102, 15210, 15102, 15372, 15120, 15426, 15102, 1512
0, 15120, 15192, 15102, 15102, 15120, 15102, 15174, 15264, 15300, 15102, 15102, 15210, 15318, 15156, 15282,
 15228, 15210, 15138, 15102, 15102, 15120, 15282, 15192, 15264, 15174, 15318, 15318, 15372, 15282, 15426, 1
5102, 15120, 15120, 15120, 15102, 15102, 15102, 15156, 15498, 15120, 15120, 15264, 15480, 15372, 15120, 151
02, 15120, 15102, 15372, 15156, 15336, 15210, 15210, 15228, 15246, 15282, 15120, 15102, 15102, 15120, 15390
, 15102, 15192, 15102, 15228, 15102, 15120, 15102, 15102, 15300, 15102, 15102, 15120, 15138, 15210, 15102,
15102, 15120, 15174, 15174, 15138, 15102, 15120, 15102, 15102, 15120, 15246, 15210, 15102, 15102, 15102, 15
174, 15408, 15246, 15228, 15102, 15354, 15102, 15120, 15102, 15210, 15102, 15102, 15246, 15102, 15354, 1517
4, 15120, 15318, 15264, 15102, 15102, 15300, 15318, 15102, 15102, 15102, 15102, 15120, 15120, 15120, 15174,
 15282, 15300, 15174, 15282, 15336, 15318, 15102, 15102, 15282, 15120, 15102, 15174, 15174, 15408, 15102, 1
5120, 15102, 15228, 15354, 15138, 15192, 15102, 15264, 15228, 15102, 15102, 15120, 15174, 15138, 15102, 151
02, 15516, 15174, 15246, 15246, 15300, 15102, 15156, 15102, 15300, 15102, 15102, 15102, 15102, 15174, 15156
, 15156, 15120, 15102, 15354, 15102, 15210, 15174, 15102, 15228, 15102, 15120, 15264, 15624, 15264, 15102,
15228, 15102, 15102, 15102, 15282, 15282, 15120, 15318, 15120, 15120, 15102, 15228, 15336, 15120, 15156, 15
120, 15138, 15282, 15102, 15120, 15228, 15228, 15336, 15102, 15120, 15192, 15210, 15228, 15138, 15102, 1510
2, 15102, 15300, 15246, 15102, 15426, 15372, 15102, 15246, 15246, 15228, 15174, 15138, 15120, 15138, 15102,
 15372, 15138, 15228, 15156, 15246, 15120, 15120, 15228, 15264, 15102, 15120, 15102, 15318, 15174, 15102, 1
5120, 15192, 15120, 15102, 15318, 15102, 15300, 15174, 15426, 15228, 15120, 15102, 15300, 15102, 15120, 151
20, 15462, 15102, 15120, 15102, 15120, 15102, 15300, 15102, 15102, 15102, 15192, 15120, 15354, 15102, 15318
, 15264, 15174, 15174, 15228, 15102, 15102, 15120, 15102, 15498, 15120, 15102, 15228, 15102, 15246, 15246,
15138, 15102, 15192, 15120, 15246, 15264, 15102, 15102, 15102, 15210, 15246, 15120, 15102, 15120, 15336, 15
102, 15516, 15228, 15444, 15102, 15264, 15300, 15120, 15282, 15102, 15120, 15516, 15264, 15156, 15102, 1513
8, 15120, 15102, 15102, 15390, 15102, 15192, 15246, 15210, 15156, 15264, 15102, 15120, 15102, 15228, 15174,
 15264, 15192, 15156, 15354, 15120, 15282, 15102, 15282, 15120, 15192, 15102, 15516, 15102, 15246, 15120, 1
5102, 15264, 15102, 15246, 15120, 15102, 15264, 15156, 15102, 15318, 15120, 15156, 15102, 15282, 15138, 152
28, 15120, 15120, 15264, 15138, 15120, 15156, 15372, 15102, 15102, 15300, 15102, 15102, 15102, 15264, 15102
, 15102, 15228, 15120, 15156, 15264, 15102, 15102, 15264, 15102, 15174, 15120, 15174, 15246, 15264, 15156,
15480, 15102, 15120, 15228, 15264, 15300, 15246, 15120, 15264, 15102, 15120, 15102, 15102, 15120, 15300, 15
102, 15102, 15246, 15300, 15354, 15102, 15102, 15102, 15102, 15174, 15354, 15246, 15102, 15102, 15138, 1535
4, 15408, 15426, 15102, 15102, 15264, 15246, 15318, 15282, 15102, 15228, 15102, 15102, 15102, 15192, 15102,
 15102, 15120, 15264, 15156, 15282, 15192, 15102, 15156, 15120, 15102, 15138, 15174, 15300, 15102, 15102, 1
5102, 15282, 15300, 15354, 15264, 15300, 15120, 15102, 15264, 15102, 15228, 15300, 15120, 15102, 15786, 151
02, 15102, 15228, 15192, 15120, 15102, 15210, 15120, 15102, 15156, 15102, 15138, 15102, 15210, 15102, 15354
, 15102, 15138, 15426, 15228, 15102, 15102, 15228, 15516, 15102, 15102, 15138, 15120, 15462, 15120, 15102,
15120, 15102, 15480, 15426, 15120, 15120, 15354, 15210, 15390, 15102, 15300, 15102, 15102, 15102, 15300, 15
138, 15282, 15138, 15138, 15246, 15192, 15246, 15102, 15174, 15228, 15120, 15192, 15138, 15210, 15156, 1531
8, 15102, 15174, 15102, 15120, 15120, 15120, 15210, 15102, 15102, 15228, 15120, 15102, 15102, 15174, 15102,
 15264, 15120, 15174, 15228, 15372, 15102, 15102, 15102, 15120, 15102, 15246, 15354, 15102, 15156, 15102, 1
5120, 15300, 15102, 15390, 15354, 15174, 15264, 15174, 15102, 15102, 15498, 15192, 15102, 15102, 15552, 151
74, 15120, 15120, 15174, 15102, 15102, 15300, 15102, 15192, 15102, 15426, 15264, 15264, 15102, 15102, 15228
, 15192, 15120, 15102, 15102, 15102, 15336, 15102, 15192, 15102, 15120, 15102, 15120, 15102, 15192, 15102,
15138, 15282, 15210, 15390, 15120, 15120, 15102, 15120, 15264, 15228, 15228, 15264, 15264, 15264, 15138, 15
264, 15120, 15210, 15102, 15372, 15210, 15300, 15120, 15264, 15120, 15102, 15102, 15102, 15264, 15318, 1510
2, 15282, 15264, 15210, 15300, 15138, 15138, 15228, 15300, 15228, 15102, 15192, 15210, 15498, 15174, 15102,
 15336, 15102, 15174, 15174, 15102, 15210, 15102, 15102, 15102, 15282, 15102, 15336, 15264, 15354, 15282, 1
5264, 15264, 15102, 15102, 15228, 15210, 15318, 15120, 15102, 15390, 15192, 15102, 15156, 15228, 15174, 151
02, 15462, 15102, 15318, 15210, 15354, 15174, 15102, 15120, 15102, 15120, 15102, 15210, 15102, 15102, 15228
, 15138, 15192, 15102, 15102, 15264, 15120, 15102, 15264, 15354, 15192, 15102, 15228, 15138, 15102, 15282,
15120, 15408, 15282, 15210, 15228, 15102, 15174, 15102, 15102, 15120, 15318, 15138, 15228, 15120, 15336, 15
408, 15228, 15120, 15102, 15102, 15300, 15336, 15102, 15228, 15210, 15228, 15282, 15210, 15174, 15102, 1524
6, 15138, 15390, 15120, 15228, 15282, 15300, 15300, 15102, 15102, 15390, 15102, 15174, 15300, 15102, 15318,
 15210, 15102, 15462, 15120, 15120, 15318, 15120, 15318, 15102, 15426, 15102, 15228, 15120, 15120, 15408, 1
5282, 15264, 15138, 15120, 15102, 15372, 15408, 15174, 15156, 15174, 15300, 15264, 15228, 15210, 15102, 152
28, 15120, 15102, 15318, 15120, 15102, 15246, 15102, 15174, 15102, 15228, 15210, 15120, 15300, 15102, 15102
, 15102, 15102, 15192, 15336, 15282, 15228, 15264, 15102, 15102, 15264, 15102, 15102, 15102, 15228, 15102,
15102, 15228, 15120, 15102, 15102, 15102, 15408, 15102, 15120, 15120, 15336, 15102, 15228, 15210, 15264, 15
372, 15102, 15102, 15462, 15462, 15192, 15102, 15210, 15174, 15102, 15228, 15102, 15426, 15264, 15102, 1510
2, 15372, 15102, 15156, 15246, 15102, 15300, 15120, 15120, 15120, 15120, 15102, 15102, 15120, 15102, 15102,
 15552, 15102, 15120, 15102, 15102, 15102, 15228, 15120, 15138, 15102, 15102, 15120, 15372, 15390, 15102, 1
5480, 15264, 15102, 15192, 15246, 15156, 15192, 15336, 15102, 15192, 15102, 15300, 15102, 15300, 15174, 152
82, 15426, 15174, 15210, 15210, 15246, 15480, 15210, 15138, 15246, 15102, 15390, 15102, 15102, 15246, 15120
, 15246, 15300, 15102, 15102, 15354, 15480, 15102, 15102, 15102, 15102, 15210, 15120, 15120, 15300, 15336,
15102, 15516, 15228, 15192, 15246, 15102, 15174, 15102, 15264, 15102, 15102, 15102, 15102, 15372, 15264, 15
210, 15228, 15300, 15174, 15102, 15210, 15174, 15192, 15210, 15102, 15336, 15156, 15318, 15102, 15138, 1512
0, 15102, 15318, 15102, 15102, 15228, 15354, 15354, 15300, 15120, 15192, 15102, 15192, 15102, 15228, 15228,
 15354, 15102, 15264, 15138, 15246, 15120, 15282, 15102, 15246, 15102, 15102, 15102, 15192, 15354, 15516, 1
5264, 15318, 15192, 15174, 15102, 15102, 15102, 15120, 15138, 15192, 15534, 15102, 15120, 15336, 15264, 152
28, 15192, 15102, 15102, 15228, 15138, 15282, 15282, 15102, 15228, 15102, 15120, 15102, 15354, 15102, 15228
, 15120, 15138, 15300, 15228, 15192, 15138, 15264, 15192, 15102, 15102, 15444, 15102, 15102, 15264, 15102,
15246, 15102, 15246, 15246, 15102, 15138, 15102, 15318, 15264, 15102, 15264, 15408, 15102, 15156, 15642, 15
480, 15426, 15318, 15102, 15264, 15102, 15264, 15174, 15336, 15102, 15120, 15102, 15138, 15120, 15102, 1519
2, 15300, 15282, 15246, 15102, 15102, 15120, 15120, 15120, 15102, 15174, 15246, 15282, 15192, 15120, 15570,
 15120, 15372, 15174, 15102, 15246, 15102, 15282, 15102, 15228, 15210, 15102, 15138, 15156, 15102, 15102, 1
5246, 15282, 15102, 15102, 15264, 15102, 15156, 15390, 15102, 15516, 15246, 15282, 15102, 15174, 15606, 151
20, 15174, 15102, 15282, 15444, 15138, 15246, 15120, 15102, 15210, 15102, 15102, 15282, 15300, 15138, 15570
, 15300, 15120, 15120, 15444, 15264, 15102, 15102, 15336, 15300, 15300, 15102, 15282, 15390, 15174, 15102,
15102, 15354, 15264, 15390, 15210, 15102, 15246, 15210, 15426, 15102, 15102, 15120, 15102, 15228, 15102, 15
102, 15120, 15120, 15102, 15102, 15282, 15336, 15102, 15246, 15354, 15102, 15174, 15174, 15336, 15120, 1510
2, 15120, 15102, 15300, 15102, 15102, 15120, 15120, 15354, 15192, 15228, 15102, 15102, 15102, 15174, 15264,
 15102, 15228, 15228, 15102, 15210, 15138, 15102, 15102, 15120, 15210, 15120, 15444, 15192, 15192, 15264, 1
5336, 15282, 15102, 15264, 15246, 15246, 15300, 15102, 15120, 15138, 15192, 15408, 15210, 15120, 15300, 154
08, 15156, 15102, 15102, 15300, 15228, 15156, 15192, 15120, 15354, 15228, 15570, 15102, 15390, 15390, 15318
, 15120, 15282, 15102, 15246, 15102, 15102, 15102, 15138, 15174, 15174, 15174, 15102, 15300, 15120, 15102,
15246, 15138, 15102, 15264, 15102, 15408, 15102, 15120, 15102, 15228, 15408, 15660, 15192, 15102, 15228, 15
372, 15102, 15300, 15138, 15264, 15120, 15120, 15102, 15102, 15318, 15228, 15372, 15102, 15462, 15102, 1528
2, 15102, 15138, 15192, 15102, 15120, 15318, 15444, 15102, 15102, 15300, 15282, 15138, 15372, 15174, 15156,
 15102, 15192, 15102, 15102, 15336, 15408, 15462, 15120, 15120, 15516, 15138, 15102, 15120, 15120, 15318, 1
5264, 15282, 15102, 15156, 15156, 15102, 15192, 15282, 15102, 15102, 15138, 15120, 15534, 15462, 15210, 151
92, 15282, 15102, 15138, 15102, 15210, 15102, 15120, 15228, 15390, 15372, 15192, 15102, 15120, 15192, 15300
, 15102, 15102, 15354, 15246, 15264, 15426, 15102, 15102, 15138, 15102, 15174, 15624, 15102, 15228, 15192,
15156, 15102, 15102, 15174, 15336, 15102, 15372, 15120, 15102, 15210, 15102, 15192, 15102, 15480, 15102, 15
102, 15264, 15102, 15102, 15138, 15102, 15102, 15264, 15318, 15102, 15606, 15102, 15588, 15210, 15102, 1524
6, 15228, 15102, 15282, 15102, 15138, 15102, 15102, 15282, 15102, 15120, 15120, 15102, 15210, 15174, 15102,
 15174, 15264, 15354, 15102, 15156, 15156, 15426, 15156, 15156, 15156, 15300, 15318, 15102, 15102, 15174, 1
5138, 15102, 15264, 15246, 15102, 15318, 15102, 15174, 15264, 15120, 15300, 15372, 15102, 15192, 15354, 151
20, 15102, 15570, 15264, 15390, 15138, 15390, 15102, 15354, 15120, 15120, 15102, 15102, 15102, 15246, 15102
, 15300, 15102, 15120, 15210, 15102, 15228, 15192, 15264, 15282, 15300, 15120, 15264, 15102, 15480, 15102,
15102, 15300, 15120, 15246, 15228, 15264, 15264, 15174, 15264, 15120, 15138, 15120, 15120, 15102, 15300, 15
102, 15138, 15102, 15426, 15264, 15120, 15102, 15300, 15228, 15156, 15120, 15102, 15390, 15264, 15480, 1517
4, 15102, 15336, 15408, 15192, 15264, 15174, 15264, 15120, 15102, 15120, 15336, 15228, 15138, 15102, 15264,
 15264, 15120, 15246, 15102, 15102, 15102, 15120, 15336, 15120, 15120, 15102, 15156, 15174, 15210, 15300, 1
5210, 15102, 15498, 15498, 15120, 15228, 15102, 15210, 15174, 15282, 15228, 15300, 15318, 15102, 15102, 152
46, 15102, 15102, 15192, 15120, 15120, 15120, 15408, 15102, 15192, 15102, 15102, 15210, 15192, 15264, 15102
, 15120, 15246, 15102, 15372, 15354, 15102, 15102, 15462, 15102, 15120, 15174, 15102, 15210, 15102, 15354,
15228, 15120, 15372, 15102, 15102, 15210, 15102, 15282, 15174, 15192, 15408, 15498, 15228, 15120, 15174, 15
102, 15462, 15300, 15102, 15120, 15174, 15102, 15102, 15174, 15372, 15102, 15192, 15102, 15372, 15156, 1522
8, 15120, 15138, 15102, 15120, 15408, 15318, 15174, 15102, 15228, 15120, 15570, 15102, 15318, 15264, 15444,
 15120, 15390, 15102, 15102, 15138, 15120, 15102, 15120, 15102, 15678, 15102, 15192, 15102, 15120, 15120, 1
5300, 15102, 15228, 15120, 15228, 15102, 15102, 15246, 15228, 15480, 15192, 15102, 15102, 15174, 15174, 151
02, 15300, 15120, 15228, 15120, 15264, 15354, 15192, 15102, 15678, 15282, 15264, 15102, 15174, 15102, 15102
, 15120, 15264, 15246, 15480, 15246, 15120, 15120, 15102, 15120, 15120, 15300, 15102, 15498, 15354, 15120,
15174, 15102, 15120, 15102, 15228, 15138, 15102, 15102, 15156, 15372, 15282, 15210, 15174, 15102, 15102, 15
300, 15264, 15156, 15390, 15102, 15102, 15282, 15300, 15336, 15390, 15102, 15228, 15282, 15336, 15300, 1533
6, 15264, 15498, 15246, 15300, 15102, 15102, 15390, 15228, 15102, 15120, 15354, 15318, 15300, 15120, 15426,
 15246, 15228, 15102, 15102, 15102, 15102, 15174, 15102, 15246, 15300, 15102, 15102, 15264, 15282, 15102, 1
5102, 15120, 15282, 15192, 15102, 15102, 15174, 15480, 15246, 15102, 15264, 15120, 15138, 15102, 15264, 151
20, 15102, 15102, 15192, 15246, 15192, 15120, 15516, 15444, 15192, 15102, 15228, 15102, 15210, 15102, 15372
, 15264, 15336, 15120, 15102, 15102, 15570, 15102, 15102, 15120, 15174, 15120, 15120, 15282, 15300, 15102,
15102, 15120, 15102, 15102, 15372, 15120, 15228, 15192, 15156, 15228, 15102, 15102, 15102, 15246, 15102, 15
102, 15282, 15102, 15120, 15354, 15354, 15102, 15210, 15102, 15210, 15246, 15120, 15120, 15102, 15156, 1519
2, 15246, 15174, 15246, 15102, 15120, 15192, 15606, 15300, 15192, 15354, 15264, 15102, 15102, 15102, 15246,
 15102, 15120, 15192, 15462, 15462, 15228, 15246, 15390, 15156, 15318, 15300, 15246, 15102, 15264, 15480, 1
5102, 15102, 15102, 15174, 15318, 15354, 15120, 15120, 15120, 15120, 15228, 15102, 15102, 15120, 15138, 151
02, 15246, 15192, 15120, 15102, 15102, 15354, 15372, 15264, 15102, 15120, 15210, 15300, 15462, 15102, 15300
, 15102, 15462, 15156, 15102, 15192, 15354, 15102, 15102, 15228, 15390, 15102, 15102, 15354, 15210, 15462,
15102, 15336, 15102, 15192, 15102, 15102, 15228, 15120, 15246, 15336, 15138, 15120, 15102, 15102, 15372, 15
426, 15120, 15102, 15282, 15102, 15228, 15246, 15138, 15138, 15390, 15246, 15102, 15102, 15102, 15138, 1512
0, 15102, 15102, 15120, 15102, 15336, 15102, 15192, 15102, 15246, 15102, 15102, 15192, 15102, 15210, 15102,
 15336, 15246, 15282, 15102, 15318, 15102, 15102, 15102, 15120, 15300, 15120, 15264, 15102, 15318, 15228, 1
5336, 15102, 15120, 15102, 15300, 15300, 15300, 15102, 15264, 15300, 15282, 15192, 15120, 15156, 15138, 151
38, 15102, 15318, 15120, 15102, 15156, 15174, 15444, 15372, 15102, 15138, 15174, 15120, 15138, 15264, 15210
, 15120, 15300, 15120]
