41101
42055
40363
40381
42109
41821
40309
41047
40399
40939
41299
41137
40165
40705
41191
40543
42613
41425
41785
40399
40993
41083
41101
41029
40453
40399
41146
42037
40309
41083
41281
40345
40453
40561
41047
41407
41029
40579
40363
40309
40327
40435
40345
41137
41227
41983
42487
40219
41659
40345
40831
40939
40687
42001
41011
40489
42235
41542
40435
41011
40381
41083
40561
40363
40489
41758
41209
40687
41155
41461
40363
41029
40219
40399
40309
42550
40579
40813
40345
41587
40669
41155
40543
42055
41173
41830
40525
41965
41227
40939
40309
40993
40471
40273
41119
41065
40885
41083
41263
40345
41425
41227
42163
40579
41029
40525
40399
40381
41857
40381
41461
40525
40903
41227
41461
41497
41173
41182
41155
41101
40579
41335
42343
40399
40255
40633
40291
41137
41335
40489
42505
41371
40453
41227
41065
40525
40525
41083
40453
40345
41101
40903
41119
42388
40363
41083
42118
42127
40957
41137
40903
40651
41389
40345
41677
41371
41965
40795
40345
41947
40525
40201
41947
41119
40435
40291
41191
41227
40237
41335
40453
40525
42271
40957
40849
41317
40507
40327
40471
40687
40831
41452
40489
42334
41407
40507
40471
40759
41947
40417
40309
41065
40435
41209
42163
41335
40597
40579
41155
41272
40453
40255
40885
40453
40453
40921
41263
40687
41137
40381
40777
40633
41209
40633
40291
41389
40471
42091
41065
41029
41065
41047
40561
41749
40381
40507
40507
41938
41281
40525
41083
41443
42091
42469
40309
41047
40435
42460
40723
40489
40435
41875
40381
40543
41011
40993
40345
41173
40489
41209
40273
41155
40543
40777
41173
41983
40291
40993
41191
40579
40687
41155
42685
40507
40417
40669
40399
41101
42001
42109
41047
40345
40471
40345
41965
40507
40453
40309
41209
41245
40453
40525
41479
41479
40327
41335
40597
41191
41317
40831
40759
40345
41029
41101
40273
40363
41065
41092
41947
41101
40363
40381
42127
40363
40363
40957
41668
41155
40975
40363
40561
40795
42001
42037
42055
42055
40435
41011
40345
42595
41155
41047
41137
40399
40273
40507
40525
40543
41137
40327
40363
41893
40453
42019
40525
41173
41137
41353
41137
40345
42676
40381
40435
41011
40489
40363
40471
40399
41083
40363
40525
40435
40399
40291
41263
41227
40885
40363
40939
40867
40399
40327
41227
41065
41173
40399
40651
41353
41335
40273
40597
41029
40939
40363
40651
42001
41299
41929
41677
40489
40291
41353
40381
40471
41119
40327
41083
41713
41155
42001
41101
40957
40327
40579
41947
41452
40633
41353
41263
41047
40489
42091
40255
40957
41137
42172
40363
40561
40255
42127
40489
40381
41335
40237
40417
40345
41173
41155
40633
40363
41443
40507
40993
41263
40435
41191
40237
42505
40345
40543
40381
41443
40579
40993
40651
40345
41047
40831
41173
40849
40579
40453
40381
41065
40435
40327
41155
40435
42541
40417
41452
41893
40363
40903
40381
40237
41029
40381
40975
40903
41209
40255
41335
40435
40309
41092
41047
41209
41029
42019
41173
40381
41191
40615
41245
40777
40417
40921
41137
40453
41083
41911
41029
40759
40633
41137
40291
40417
40831
41065
40345
40885
41578
41803
40273
41371
41137
41245
40489
41029
40345
40615
41227
41515
40597
40291
41245
40759
40435
41515
41434
41173
40525
41137
40363
42649
41065
41101
40453
41209
41587
41281
41083
41326
40399
41245
41425
41065
42019
41137
40417
41227
40417
41470
41011
40399
40633
41065
40255
40543
40993
41767
41335
40489
41245
40327
40399
42244
41083
41173
40489
40327
40669
40885
41101
40273
41029
40237
40489
40471
41137
41929
42019
40165
41245
41947
40309
40345
41263
41983
40291
41011
41029
40399
41947
40615
40939
40525
42289
40579
41335
41101
40957
41101
40561
41173
40471
40903
41209
40435
40399
40345
40453
41029
40399
41209
42073
41515
40849
40273
41425
40525
42055
40381
40561
41083
41137
41965
40363
40417
41335
40525
41353
41029
42343
41335
40885
41029
40417
41155
40219
41191
40381
40507
42163
41101
41155
40831
41524
40867
41704
40777
40867
41029
41119
41083
40561
41245
40363
41173
40777
40489
40363
40327
42676
40435
40273
41785
40345
41281
41992
41083
40687
40291
41551
41245
41371
41065
41335
40723
40273
41335
40345
42649
41011
40975
40417
41263
41119
41065
40435
41551
40309
41704
40849
40273
41011
40291
40687
41335
40399
40849
41299
41137
41155
40453
40597
40345
41668
40939
41101
41407
40345
40885
40435
40381
41965
41497
40687
41263
40453
41353
42163
40381
41335
40345
40363
40885
40381
40705
40345
41245
41929
40363
40633
40363
41047
41362
40381
41353
40507
40327
41029
41191
42811
41551
41173
41209
40471
40435
41119
40363
41470
40309
40759
41245
41551
41101
41092
40633
41083
41191
40489
41119
40579
40381
42019
40435
41425
41659
41065
41155
41569
40975
41011
41011
40957
40633
40957
40471
40399
40723
40273
40273
42208
41569
40417
40777
40381
40633
40939
40327
40345
42154
40543
41191
40453
41155
40453
40975
41569
40921
40381
41857
40417
40309
40435
40453
40831
41155
41047
40381
40435
40345
40507
41227
41641
40795
40723
41065
42343
42631
41155
40795
41119
40921
41119
40777
40399
41551
41983
42685
40453
40813
41299
40525
40435
40669
42082
40435
41335
40327
40525
41155
40525
41029
40579
41227
42361
41407
41227
41119
40489
40993
41461
41407
40975
40399
40327
41065
41569
40345
40453
40291
42019
40435
40309
41029
40723
41065
40273
40633
40453
41173
41821
40363
40435
41614
41281
40273
41227
42001
40435
40453
40471
40291
40363
41911
41299
40993
40363
40903
41317
41569
40345
40345
40435
40867
41173
41497
41857
41335
40507
40381
41317
41263
40651
41155
42073
40507
40543
40417
41227
41335
40489
41209
41668
40363
41191
40813
41191
40561
40453
41065
40363
40183
40327
40273
41173
40417
40471
42001
41137
42379
41083
40795
40183
41155
40471
40345
41299
40327
42001
40687
40273
40759
40759
40435
40975
40363
40381
40345
40381
41173
40939
41155
40561
41497
42073
42505
40525
41137
40417
42001
40309
42217
41083
40381
40327
42001
40345
40993
40939
40399
41209
40885
40489
41263
41785
40345
41749
41245
40345
41227
40237
40669
41155
41245
41191
41119
40309
40255
40381
41245
41173
40993
40327
40363
42550
41047
40813
41065
40957
41317
41227
40309
40345
40327
40273
41641
40291
40525
41137
40525
41317
42487
41155
41389
42289
42433
