72655
69685
74338
71575
71035
71053
72493
72907
74581
69289
69055
70441
69289
71629
67507
69262
73267
70666
71017
70531
69505
69829
71170
69901
71827
72421
71935
71845
68389
74689
74689
72097
71719
73645
71395
70063
72835
69739
73645
71368
72493
71287
70513
70117
72025
72637
71197
70423
73357
73303
72385
69604
73213
71773
71989
72034
73879
70549
72943
71215
71269
70063
72169
69199
72421
69307
73249
71971
70783
71620
71602
69091
69487
70729
72133
72133
70297
67939
70099
72025
73051
69289
73933
72565
70135
68443
72763
70711
72439
72880
70315
74059
70009
69775
72529
72457
69199
71233
71773
72403
69199
72403
71647
69667
68443
71953
71935
68929
72331
75481
71107
70729
70945
70747
70909
69829
69199
71557
70963
72385
71683
73195
70495
72772
73141
69595
71467
71953
71917
73861
70729
74761
71827
73177
69109
69901
70729
68722
69919
68263
74266
73429
73501
72097
72115
70027
70675
75247
70207
72601
67111
71098
72817
70423
70207
72511
69784
74149
73807
72961
71287
69604
75211
70891
71647
73339
69703
71251
72115
72277
71719
71395
72007
69442
74671
72421
69334
70963
69415
71053
66769
70063
74005
71449
69649
67849
72835
72205
70765
71242
73843
70711
70603
70891
71323
72493
70792
70135
72088
68767
70549
71791
72979
70873
72655
67453
71701
70945
71665
72691
69055
71773
71233
72925
72745
72493
68461
70495
71863
70729
70405
70783
72871
68029
68425
71125
75031
72457
72061
72187
69019
72205
69127
71053
70261
71800
71323
72799
70783
70927
69217
73231
74167
72187
73915
69847
68857
69343
70261
73213
69883
70207
70828
71143
69055
72115
71269
72313
72889
69793
70819
71341
70117
75301
74131
69937
72700
75355
72331
70837
67975
71773
76255
71701
68245
70639
72277
71719
69631
68443
72331
72403
71107
73123
72277
71683
70423
73447
69469
72943
72475
70729
71413
67327
70459
71431
74905
71701
71467
70333
72169
67615
72601
72403
72529
71395
66949
73303
71197
72142
71350
71755
72259
69433
72169
69091
71215
70621
72772
73879
74167
71755
68695
74869
72655
71377
69865
72385
70189
71503
72961
71899
72367
69955
70261
71215
69181
69919
69685
73987
70657
74005
72259
71485
71773
70099
72997
70945
67651
69118
73735
70981
71935
72916
71773
72097
71629
73447
73015
70747
72493
70279
72709
73474
71071
72151
71629
72655
71503
70684
71701
69649
73051
73789
71701
71179
72331
72943
71629
74329
69163
69577
71908
72727
71323
70126
67597
71359
72187
69991
69991
73519
71377
70783
72115
68839
75355
72763
73357
70639
70999
69451
72331
74833
68983
71017
70459
71449
73123
71962
72421
68407
72421
71818
72061
73285
74239
72133
70873
68173
72736
71377
71719
74383
69919
74725
71539
70999
72997
69397
71701
73933
70450
70585
71359
70900
71611
72673
71647
69415
70675
67705
71557
69937
72187
71575
74689
66877
71035
72097
69613
72907
70909
72763
69793
73915
72079
71782
69379
70405
71467
72745
69991
72079
73789
70639
70891
74365
72601
71791
72763
69397
72259
68821
69883
72295
69775
71413
72367
69073
71593
68587
68839
74041
71431
73573
72511
71764
72673
71575
71917
69109
76849
70513
74725
69037
71512
72367
70459
70162
71251
74131
70324
74590
68128
69001
74077
70189
73024
73159
73231
71377
69613
71701
72763
72997
69163
70909
68623
74779
70099
71161
68497
72079
75283
71017
75031
72889
68641
70495
73663
71773
71287
69397
71188
71575
71737
69577
71161
71737
69082
71242
71773
73195
71512
71827
71215
72979
72907
70387
71215
69091
69271
72763
72655
71953
72295
74599
68515
68227
70639
76021
69757
72349
71251
74275
71521
74095
70153
69865
72907
72043
70225
70963
72367
72385
70657
69019
72529
70243
70045
69793
74761
72043
73393
71395
70891
69541
70225
70909
71359
69001
72151
76381
74473
71449
71431
71197
72763
74581
73429
70639
71287
71665
72403
71323
67741
72547
66607
70711
72601
70333
70657
66751
74041
74329
69595
72475
72457
72169
73069
70765
69469
69829
72079
71071
69721
71773
73708
69361
70099
71809
70027
73411
69775
70081
69577
69955
74077
69685
70477
72295
70747
75697
71395
71449
69289
70261
69289
75355
72025
72673
72745
74023
71449
70864
71737
69361
74023
70306
74221
72097
71539
69307
70351
70315
73483
70927
71287
73789
72835
71503
73555
73267
67885
69343
69667
71917
70009
69793
73195
70081
70909
69613
71791
70153
73591
71449
72223
71719
70387
72601
72547
72925
70504
71971
70729
70081
71017
68902
72223
70819
73744
71179
71719
69019
72835
69541
70945
70801
71359
69991
69991
71917
73159
72241
66967
73015
71737
70621
70999
70549
73060
69073
71647
71791
71341
70567
67723
74959
69829
69739
68947
74077
72961
69541
72187
69721
68353
70873
71323
72205
72457
70747
71485
72205
75463
72709
74023
70495
71683
70423
70261
72358
75157
72079
71629
71404
71755
71809
73015
72241
72907
70171
71179
67651
70819
71035
69793
74131
73726
71737
70837
74509
71719
71989
73375
73672
67975
73051
71287
68479
71143
71197
72475
70999
72277
73645
71575
71458
72691
69127
72205
73555
72691
69415
71809
73393
75373
72007
69775
72898
72349
74311
68281
73240
69667
72565
69883
70855
72727
70441
73069
71431
72871
72259
70585
69163
74257
71305
70873
71899
70639
70297
72457
70819
72925
72583
68605
67363
70981
72529
74401
70675
73681
71809
73159
69991
76597
73051
73591
70045
67741
73447
70369
71269
71899
74437
71251
72421
70981
72061
69397
76831
70603
68965
72169
73087
73303
67831
72133
70981
72502
71557
71485
72511
70531
70567
73411
70999
73195
71647
71152
71035
68497
73501
72691
72043
69325
69055
71557
72079
73375
71575
70153
74131
71341
72907
72745
73861
71665
72277
70639
71197
70936
71656
70351
72673
72709
73285
73015
71359
71305
70558
73339
71485
70603
69829
72313
72925
70531
70711
68839
70459
72187
71449
72817
73015
76237
71593
68911
70405
72574
72124
74419
70837
72115
74347
71485
69721
71755
74221
72115
72511
72115
70495
71683
70189
71755
71899
68317
71062
69568
69289
72691
74545
70567
74581
71539
69631
70405
72529
72313
69559
71359
72637
75985
72097
69487
70351
67975
72799
67606
73609
74149
68119
70963
74275
68803
71215
69865
71683
71845
71629
69541
70891
74959
68551
69271
70117
70522
75823
70081
68263
72979
72151
72025
70909
70891
70864
70009
73447
74203
71755
72799
69253
69955
68443
72961
69253
71827
68083
72745
74545
70819
73357
71755
67813
67849
72655
72475
73213
71719
69217
70477
70639
67993
70243
68695
70702
72385
68263
73861
68830
68263
73195
71539
71413
73141
70945
73807
71143
74797
74329
72385
71593
71395
70108
70567
69757
70063
69937
69415
69433
70207
69703
69379
71791
68299
70513
70207
70459
71665
73717
73411
71215
72601
73573
74041
73177
72817
72088
71953
71989
71323
74185
71539
71395
73339
72493
69685
71485
71215
69217
71485
69271
71683
71539
71575
69163
69037
72673
74671
71557
69478
71161
70495
71989
69253
71080
71467
73159
66499
73123
69685
71719
70369
72835
74230
73249
72475
70531
70135
75409
71143
72511
72565
69415
69280
68641
72781
70963
70675
69028
71251
68191
74275
73069
72313
70225
73447
71413
72871
69649
74095
71215
72079
73033
69361
70027
70657
72583
73483
71287
71233
71863
71143
71323
69595
70639
70279
68641
73321
72745
71845
69361
71809
71089
71719
72421
69811
72385
72709
71629
69505
73537
74185
72565
71377
70945
71431
70225
74131
70729
72133
69739
68929
73069
71665
70747
72187
75409
72475
72637
68551
72529
68371
69010
73519
73969
73591
67687
71953
71413
70090
71071
73105
69847
72493
73447
72565
69739
69667
70828
71611
70009
72034
72367
71773
73681
70675
70531
71827
71008
74833
71341
69577
69181
69037
72223
72997
71863
69865
70117
71089
70477
71071
73213
75085
71467
73969
72061
71971
70504
75445
74392
74059
72853
74023
71503
70531
68857
76075
71125
74284
68173
72043
71359
71719
71611
71935
71773
72052
71629
71179
70621
71143
74113
75301
72673
68713
70603
67255
71881
69649
70009
72583
71179
74032
73285
71701
72061
73753
71089
71359
73375
70621
73573
67615
72151
68623
73447
69181
69334
70477
73123
71917
71449
71809
75229
68056
72133
74311
72241
72439
70297
69991
70261
69685
72025
73465
70441
70639
71467
72421
69649
72871
72313
71647
71233
69847
71503
71971
71035
74005
68821
67435
71557
71395
72763
69163
68569
70702
70612
70378
73213
73033
71413
70171
71917
70837
70828
70675
68884
70405
72691
74185
74635
73123
69802
74257
69127
72709
71395
72655
74149
71926
73321
71179
72889
75625
71665
73492
69469
72331
70765
68029
71251
71395
72601
70747
72583
67273
70315
72052
72871
71827
72763
72709
71422
70297
68533
70279
72907
71737
70405
71629
71674
70099
71215
72475
67939
70657
69415
71125
70801
69955
72547
70999
71629
69775
71287
70486
70459
71881
70351
73249
69397
72223
68479
69937
74455
72781
70891
70243
71539
70639
70423
71449
73897
70477
72331
68875
71341
71881
74491
72421
72439
71323
74887
72259
69901
69658
71449
71917
72889
72151
74563
73969
70369
71773
72349
71719
74032
68560
72205
73771
71845
72835
72079
72565
70423
69469
70423
69343
69847
75337
71701
71332
72745
70135
72754
72997
72259
70297
70243
71899
68371
71251
73105
70585
71359
70567
72187
71035
72493
70333
71503
67309
71719
71665
71989
73969
69919
68803
70999
72349
68893
74941
67867
70864
68713
74293
73303
72097
70657
72007
73465
69559
70981
71035
69613
71242
70765
71161
70639
71197
71260
72529
71566
73663
72025
67561
70747
68839
71755
70171
71431
72655
72367
70603
71854
72385
71062
71647
72664
70765
70612
72367
73411
70801
70423
72475
74023
69397
71917
72223
71629
73195
72673
67759
71971
72214
69613
73555
70612
69487
70837
73969
70117
71251
70828
71683
68749
70891
68515
67021
73213
75292
75805
71989
72169
70513
73411
71323
71125
74257
74437
67867
68974
69955
73375
70009
69559
72295
75454
71233
68569
71431
74149
71863
70513
72151
71719
72025
68578
68605
73276
70369
72979
69649
69973
73231
70963
73357
72961
69307
71809
70351
73321
70063
71197
72241
70027
70657
70711
70675
68983
69847
71161
70153
71125
69937
68029
70729
71332
72529
72241
71827
70756
72799
72583
71593
68929
70981
70666
73447
69739
73879
72277
70423
72520
71467
72673
72313
72250
71377
69424
68083
72457
72961
73789
70423
70837
71206
70963
70675
70927
70387
69109
70063
69721
74167
71476
69775
68713
71647
72349
72889
70117
71107
71035
69307
71305
70927
72493
68074
71818
70585
71161
69325
70315
69595
69523
71431
72007
72727
71845
71323
74311
72979
71458
72277
69775
71359
69235
71521
69883
68119
70603
71287
71863
71071
71989
69613
71539
70189
73537
72619
69307
71125
72691
71197
73933
70225
73465
70603
71701
70009
70981
67669
69685
72871
69919
72511
73915
73159
71287
71467
73897
73177
72889
73285
70927
68227
69865
72619
68335
70729
71251
73771
72205
72043
70729
72385
72385
70441
71593
72277
69847
69775
72808
66976
71125
71125
71233
68497
72889
68839
66679
70333
70945
71647
68821
70225
68137
71755
70801
71089
68695
71791
69253
71926
69883
73402
70882
67930
73177
74194
70477
70774
69019
68101
72349
70666
71161
73546
71449
74419
69883
70513
70351
71656
72250
72817
71305
73501
71737
72637
73411
66895
69001
72709
70477
71440
73825
70423
73033
69901
71179
72133
71233
71269
67903
70657
73627
71755
73339
74887
71287
72943
73555
69829
71935
73078
70945
71377
69235
68713
71773
72547
68893
73519
71899
72439
71521
72565
73267
73735
72079
71539
71197
72349
71188
70711
71701
71224
68263
71917
68389
70144
70099
75625
72385
66553
71683
73501
74437
71989
72097
70261
72079
71629
69316
69163
70891
70711
71197
70189
69658
72439
70981
70225
72979
71071
71737
70585
72439
70108
73195
73492
69703
71503
71251
72133
72421
69901
72214
72565
71179
74869
70423
72241
71989
71341
71854
70513
70279
72475
66355
74275
70297
72187
70009
70405
70945
72457
70297
72277
72169
72925
72349
70027
70009
72979
70387
73573
71395
72295
73843
77209
69271
70513
72871
72313
71557
69433
69739
71845
73033
73483
72718
71341
70648
69703
72457
74833
71287
71251
69451
72223
72655
73969
69604
73501
71233
72061
70909
69433
70081
71575
71125
69271
71017
73897
72997
70891
71710
69865
71791
73951
72403
73033
67471
72007
71287
72331
70423
67921
68479
74050
72835
70315
69109
71827
69703
69145
71161
71071
72241
71935
69505
71377
72385
72043
69055
71701
68767
75193
69199
72835
74365
72997
72295
69865
69955
71359
71755
73321
69829
73123
69793
71818
70315
70999
71215
70675
72745
73501
69811
75265
72745
71170
71989
72556
73582
72457
72241
70495
73411
70531
72799
71269
72745
72070
70261
69523
68812
71485
70945
71521
72961
74131
67507
69865
71845
68893
70513
72007
71845
73483
72754
71467
68749
72493
70414
72223
69595
73105
70315
74194
72511
72331
74905
73141
72241
69541
68893
70999
69946
72187
69829
69937
71017
71017
68515
70243
67183
72529
72691
71629
68551
75031
74824
69181
71350
71773
73087
74113
71701
70225
71395
69451
71161
72637
72205
69829
75778
73051
71665
72079
72925
70261
74329
71413
69991
75211
73483
69991
74005
72007
70819
71935
69055
69217
70783
73339
71971
74671
70837
72367
68605
73411
72295
73699
71917
69064
69757
72097
73123
70765
72673
70270
70243
71395
71395
72439
72061
74041
68407
71674
69775
71791
74221
71215
73339
69397
69955
69181
72691
72205
73087
73501
69685
70414
69937
72853
73447
71611
71737
71017
73447
71917
73429
70711
73285
73825
69991
70990
71611
72025
71827
74437
69523
71944
69748
73105
69955
67903
70468
74887
73663
74383
73357
75796
73915
71017
69937
71629
71737
71449
69181
73501
72997
73501
71395
72799
69883
70198
71935
73753
71899
71971
69883
71917
69397
73987
71359
72817
72799
70783
69919
73105
72133
73933
71323
69703
70855
72025
69649
71593
72961
74491
70711
72160
68857
71953
70045
73699
72367
72709
71377
70486
70801
73699
73645
73501
71791
70495
72367
70837
68335
69811
72817
69469
73861
71809
72466
74491
74419
71179
72709
70918
71593
71971
72547
69667
71269
72691
70189
72745
71089
72241
71269
70738
70486
71737
70783
69469
72889
70801
70153
70729
73186
74239
68281
69721
69631
68497
72241
69793
71737
67867
73771
69955
70225
73969
73393
72619
72655
73033
70279
71935
69991
69163
70549
73771
73195
69559
70117
71521
71251
73681
72178
71791
69811
67345
71575
68875
70657
71863
69901
71935
73447
73339
69973
67633
71539
71755
68623
72943
74743
71485
70927
71809
70765
70963
70243
68173
72493
71305
70810
69649
70450
72043
73033
72313
71998
71935
73411
71323
69703
68335
71089
69307
70315
72943
73411
70999
72349
72277
71503
73465
73015
69505
71413
71089
70441
69955
71899
72673
72349
71935
71512
71323
71395
73141
70513
72385
70855
71791
71611
70801
71989
72277
70144
70495
73069
69397
73321
70873
70801
76201
71449
71557
71395
70207
69847
73339
74761
69559
72763
69379
71953
72034
72187
70756
70567
70693
70729
73303
71458
71593
71431
72097
67831
71440
73051
70603
72205
74077
70495
68461
71485
70441
72133
70585
72565
68821
71197
74275
71125
71845
72007
72259
73447
71233
73636
73015
75157
69037
70153
76309
68902
72133
70477
73717
71755
70549
73564
68875
72421
71557
74149
72727
70819
71323
73555
70054
71683
70927
68893
72511
71332
70243
73573
73897
68839
72637
70819
67813
71647
67453
72637
71233
71503
70351
71944
71881
74068
71485
69055
70783
72475
71341
73339
69523
71854
71881
70063
70747
69577
71566
75427
71197
72205
76057
69199
70855
68245
71485
70405
69685
67975
69757
72817
70531
73123
71143
73231
72313
72205
69667
74077
69091
69811
72259
71287
73195
69424
71683
71530
70504
71269
69595
71503
70333
73735
70945
74059
74869
73411
71791
70072
69235
68263
72295
73051
70783
72295
70387
68569
70891
72097
68803
72529
71899
72169
69937
71107
74725
70027
70819
69469
71539
69019
72097
70441
71413
73060
73177
70369
72835
72745
70207
71899
69541
72295
73051
72925
73339
74203
69721
71611
71233
71773
69505
69307
71503
70675
69154
69847
70963
69613
70405
72205
72763
71881
70549
72853
72853
70954
72691
71071
72223
76129
75625
73474
72871
70675
71953
67237
73564
69649
73177
72664
74320
72358
68839
69883
71080
69271
72511
71989
71125
69937
72565
72403
71971
73141
70171
68803
69559
70855
71917
71737
71161
69235
73411
75499
68524
72655
71035
69541
70738
70711
72475
71233
70387
72097
72817
70531
71467
68569
73033
71539
69973
70990
69685
70513
71737
70603
70477
70459
72187
72187
71611
75121
72511
70585
72637
73447
70657
70855
69739
72043
71053
70783
72529
71305
73123
72565
71539
71179
70819
68929
69703
70801
72115
72817
74851
70675
73195
71647
71935
67525
68731
71719
69982
74365
73303
70792
71314
71575
70405
70279
74113
75085
70783
70981
69757
71287
69703
72007
71746
72457
69775
71125
69271
71899
69541
73267
69820
74689
69136
69397
71467
72313
70855
73753
66607
70855
73411
72241
70873
70450
70747
72133
70324
69991
70387
74599
70171
72367
70531
73033
71467
72061
69793
73519
74023
71719
69883
72637
69037
71791
70333
73393
72925
69955
69217
69523
73015
68785
73375
72529
70243
74995
71413
72403
70009
74239
73321
71791
72079
72421
71359
68209
71017
77155
71989
72889
67651
72403
74905
72205
71215
74041
74419
74023
72088
71305
71458
71791
72439
71863
71917
73393
70873
67741
72403
71773
74572
69973
70819
70315
71503
71935
69595
69001
73501
72547
73429
71215
71971
74095
68848
71593
69811
67867
69073
70657
72259
71179
70801
73483
70729
72457
70351
70738
70513
71251
68641
73636
71674
70549
69865
70243
69469
72943
73663
68803
71512
72187
70369
72925
73213
72817
72277
75904
71665
68623
73357
68623
69181
73879
71143
71575
71791
70657
69433
70171
72151
71377
70999
69541
71899
71107
70477
71017
70477
70783
69937
70261
71107
77335
73645
70315
69901
69613
74815
72547
74329
74077
70297
70207
72799
72907
69613
70657
67831
69595
68947
67885
75247
70963
70801
73798
72529
72277
72205
71431
69937
68587
73807
70495
73447
71665
73033
72160
71737
72061
71809
73447
70945
71593
72565
70315
73177
72979
72763
72655
72178
71521
71701
71485
74221
72313
72169
71791
73303
72277
75949
74257
72727
67525
74419
69595
72475
72403
72061
72007
72466
75076
69091
74743
71611
71035
71809
69019
73501
73753
74140
69235
67129
70711
70135
71287
66823
74221
71143
73987
73159
69415
70297
73546
72169
70567
70873
72187
68749
71998
71179
71971
72610
70873
72619
71719
71710
71629
70981
69433
71629
72079
72889
71701
72583
71467
68911
70873
71233
68470
72565
73429
68119
69361
71809
71881
72961
73627
73249
71899
73249
69325
68002
74761
73267
70405
69145
72925
71539
71980
71377
71179
73843
69973
69685
70585
74383
72619
70189
71269
70612
72889
69649
73591
74671
71557
75229
74383
69901
71629
69613
72475
69397
66481
68821
72655
71215
72997
70909
71251
73339
70261
74833
73555
73645
73699
68290
69334
75085
71449
72565
71107
69973
71521
72151
69361
69523
70549
70675
69883
73231
70657
73213
71575
72025
71737
72583
73609
72781
72565
73447
75841
73015
68389
71359
72493
71413
74167
70693
74923
71773
71557
67903
69955
71467
70117
73087
69217
70207
71251
71899
72007
71683
73033
71323
72151
73375
73789
71791
69559
70405
70945
70387
72709
71359
73501
70639
70459
71530
69379
74383
69505
70405
71035
71917
72601
70351
76183
69757
70297
71989
71791
73231
73231
73447
74005
72313
68299
73276
70909
70468
72709
69595
69253
70873
73843
69847
70441
72817
71683
67453
74365
67579
70441
72187
68857
71647
72529
69973
73834
73483
70081
72889
70702
70873
69109
71917
74347
71161
69595
71431
70783
72295
72376
72493
72349
69919
74293
67489
69793
73339
69739
68641
69487
71323
71503
71935
71305
69739
70423
73753
73987
69973
69505
70045
74545
70927
70288
69973
68299
73087
70333
73807
71323
72133
72169
71035
70189
74329
75004
70567
75589
71125
70945
69865
72277
73897
73753
73681
72673
72673
72115
71449
69658
69253
69523
70603
71557
69145
71035
73150
70279
70999
71251
70657
73195
69271
72889
70585
69721
69289
71161
71611
75517
68902
69613
73825
71755
70567
68767
74446
74131
71269
72106
70837
72493
70999
72259
74347
74905
71251
70261
72286
74437
73519
72169
70639
70369
72799
67579
69703
70513
71377
72583
71089
70711
70783
71323
75418
70792
72151
73915
74527
71413
75409
72961
74122
69676
71773
74455
74455
73807
70567
72349
72169
72718
69262
73537
71899
73789
75085
72817
72709
70981
69991
71287
70639
72133
73141
72151
66598
70891
72916
70594
72565
73015
70891
71629
68236
70891
75139
74923
71899
70351
71107
71107
70072
72511
68965
76309
70954
71863
71701
71035
68911
71845
71701
71485
70621
72205
72727
73465
71287
73699
71359
71350
68083
72421
71836
73789
70117
68353
70675
71773
72061
72853
70567
70531
70009
70639
72619
68965
72385
70819
71215
69631
74185
70351
72619
71467
72493
70729
71053
70783
72079
69631
71629
71071
70819
69685
69145
71179
73339
72565
70243
70783
73825
69793
69478
73879
72817
71899
72205
71791
70909
72295
68695
68839
70585
74617
72259
68281
73213
70837
71017
73123
74338
69541
72448
70693
72907
73285
74833
67615
71647
69577
71251
71431
72871
71413
70963
70315
75319
74725
69550
72331
70531
71053
71575
70945
73033
71053
74725
71557
69640
69505
71935
72790
70909
71377
68029
71017
70999
67075
70333
71089
71053
68479
73303
71485
71539
73402
72925
72403
70261
72907
72133
72619
71143
71521
72871
72205
71458
71836
71197
71269
73591
68299
69595
72601
70081
72349
67705
69955
72727
70459
68911
72970
69325
68911
71143
70009
71287
71377
72241
67471
70783
69145
68389
74635
72367
72043
69343
73321
71809
69865
68839
71017
69811
71107
68371
72439
70495
73141
69811
72205
72619
72727
69721
70405
70549
71557
70360
73339
71620
72421
70333
74419
70999
70765
72565
72439
72097
73672
70531
72475
72115
71143
70117
73105
71719
72025
71611
70423
67993
70351
72610
69217
69955
72277
71377
74743
69811
70756
71521
71989
70531
71503
70531
70531
71557
71089
72727
71404
70639
73249
73906
75580
69667
70297
71449
72898
72808
71611
69577
72385
69973
73357
70927
70405
73195
75679
73141
71341
70117
71719
71935
70621
71323
72043
72349
75823
70585
73465
70675
71782
71719
69973
72133
69595
71215
71503
72133
68731
73195
70909
70963
70477
73015
75823
73555
72799
69073
71791
73735
72619
72223
71377
70441
70189
71251
70081
73645
71845
73537
70099
68785
73591
72727
70693
74581
72853
72007
73339
71701
71548
67975
72889
71611
69829
69829
72817
70405
69775
70963
70297
70351
72043
69919
70432
71197
71917
71548
72025
71071
67129
71143
68911
72133
69199
75013
72835
71737
73114
73429
70639
70009
69757
66283
73483
72745
69847
74239
73465
72295
68587
73321
70477
73123
72439
69226
70531
69613
70801
70675
73195
73609
70207
69145
71881
74599
70225
73420
72367
72475
70414
67525
70675
71395
68605
71467
67579
71521
71845
70063
73645
71035
71107
69415
74095
72673
73069
71035
70324
72925
71971
70333
75472
68731
72871
72205
71395
71107
72529
72205
71917
73555
71377
70756
67129
70909
73303
71269
73105
70441
67318
70963
74050
72187
74257
73411
71341
71737
70189
71701
69937
70711
70999
70567
74293
72835
69235
72187
72097
72943
74149
73231
68065
69397
72160
73915
71764
72439
70927
70297
74005
71179
66445
72259
71971
71557
71440
69757
68065
70873
68767
72943
71197
70657
73267
71935
71971
72259
72943
75247
71917
74149
69757
70171
70765
72259
71827
66913
70207
72961
71944
74275
70459
70819
71467
72763
68335
72349
70153
73276
73033
73555
71413
74239
68011
74887
74284
69775
69811
72313
71629
72781
71017
69703
72187
70657
70009
70828
72223
66913
74077
70234
70945
72619
71809
70873
69127
73249
70945
70729
70333
72925
68875
69703
72889
70099
70513
68461
74086
71854
68947
70135
70189
72511
70855
68821
69361
72241
72277
69829
68713
70477
72007
73267
72277
74077
69793
73753
72835
74383
68443
74149
72205
71971
71179
71647
71917
70315
69163
73015
71719
71521
70675
73411
71917
73753
72817
69397
71305
68479
71575
71593
71287
70297
73303
72187
71845
69811
69964
72709
70207
72673
71269
68875
67867
70729
70783
72439
74797
71611
73996
72367
69775
72511
73033
71773
71755
72961
74059
72529
69127
74563
74383
68857
74113
72475
74005
68713
69721
72097
71629
69991
70513
67921
74887
71305
71467
71683
70387
68677
72349
69883
72331
69001
69433
73645
70585
70693
71485
69343
67831
73465
72862
73177
70927
70603
71629
72691
72259
72727
70045
69388
74059
66085
71971
72133
70513
70531
71809
71854
70045
71017
75535
72349
70693
72025
68389
71197
71971
73069
72187
71296
73393
72673
69793
68578
73123
72223
73051
70657
66517
70675
70972
73339
69937
70513
71017
71431
71341
72853
69667
70765
70765
71809
70414
69775
73681
75175
71323
72583
72277
72007
70099
71881
69703
71071
70747
73231
69361
70549
68983
72529
73564
73699
69829
70882
70819
73465
73897
72475
70459
73096
71818
69991
69955
74005
70819
75247
73033
72079
70585
72259
70045
72169
68857
74383
72349
72277
73717
72241
70927
72115
71521
67579
73951
70765
70657
73483
72079
73591
69595
71341
69379
70837
72403
71809
71161
76219
68965
68839
70801
71791
70747
71179
70603
73519
70513
73321
70927
74455
69739
70117
73735
71557
72907
70999
71611
71089
69649
73807
73051
71107
73411
69001
72331
68605
69253
72817
73411
72844
72340
69865
73123
73933
70369
70504
72304
70999
69631
73321
73123
72907
69199
72043
70009
72349
69991
73933
67633
71287
72673
70387
73483
70063
72727
70819
68731
73132
71017
70585
71593
71737
69559
72601
70549
73627
69073
70882
71701
72187
72151
76291
69325
70063
74617
67687
73249
67795
69325
69091
73159
70630
71683
70405
74950
67849
68353
71521
71053
69865
71863
75139
74257
74905
70189
72097
71287
73951
69109
69658
70981
74185
73789
70081
69649
68605
71242
70621
69811
68623
72511
71449
69973
73717
73807
72097
70585
70729
68965
70441
70099
72961
69523
73411
70243
70153
72907
69253
70297
68623
72430
72781
65941
72763
68317
72187
72070
72133
71791
73879
75193
70117
70081
70423
74203
72151
70819
70081
73321
71521
68965
71449
73609
72745
71179
72016
71827
70063
71665
70801
73195
72871
73393
72205
73213
69721
70729
70819
73717
72394
71233
70693
71629
72817
70711
73366
67201
70873
78037
72079
71746
69703
72385
73069
71431
68695
71125
71143
70315
68731
71701
69487
73267
71413
68839
71269
70387
68290
72655
70252
71845
70567
72124
73393
71953
71611
70891
71791
71809
74383
70189
71899
72529
71953
67768
69685
68713
70063
70945
71359
71593
68929
69217
72295
69469
69937
73294
67255
69577
69073
71557
69631
74716
73357
69343
74041
71017
68641
73681
71953
72007
74635
71827
71863
72016
71305
73915
71251
73438
74023
74941
69973
69649
68083
70306
69541
70117
72871
70045
71692
69820
70864
69937
70189
70693
71251
69919
70351
71278
71755
71503
72781
71755
72727
72619
71413
71827
69847
72763
69487
70459
69829
71323
70459
71359
70153
71053
72169
71791
74203
69343
72835
69307
70468
69487
71719
70396
72439
70144
72844
73069
74995
70369
67741
71494
70855
72133
71935
70945
69631
68497
66337
71017
73087
69559
72709
71251
70639
73123
70063
70477
70630
70981
72997
73555
71899
70387
69379
71737
71503
72673
72061
72799
71215
71035
72367
72205
70369
71872
68128
68803
70981
70567
68911
71305
74095
72403
70585
72745
73411
72115
72007
73807
73861
72439
71368
71197
72367
71224
70477
71611
71449
67687
71143
71611
70558
70108
69091
71791
72124
72097
73375
71980
69478
70945
68704
74923
75157
72673
70675
70189
72151
71611
70891
71179
72385
72619
73267
68605
71125
73123
71647
71629
68101
70459
69991
70747
70549
72520
72223
73519
71557
72115
73339
68848
72637
72862
68947
73357
70945
68479
71071
70216
71719
68839
70891
73213
71233
72439
74113
72223
71269
70297
71107
73123
68425
69451
70135
71917
73240
74221
70657
72952
70549
70423
72313
72313
72349
71899
72583
70153
69091
73951
70981
69379
71071
72439
71647
70333
72007
69946
70423
70945
71305
71863
71098
73627
72169
72862
71017
69487
69280
72241
72619
71233
69883
74977
71377
72763
71665
74743
71719
68353
69343
69235
72403
75058
73789
74437
70225
68407
71413
71035
73717
70387
73447
72547
72997
69919
70405
71755
68767
69739
71647
69775
71251
72709
69343
71377
69739
67885
72151
67525
71251
71935
68749
69163
70153
72457
72691
71737
71881
71629
71989
70315
67813
72709
75013
74617
69577
73726
70621
75805
72475
70657
74779
71827
73222
70945
71800
72709
73789
71539
72439
73303
71557
73537
69793
70351
68497
72835
72916
69883
71179
72115
68641
72043
72043
72349
69937
72961
71737
70828
71269
69883
71233
74923
69937
71089
73132
70711
73087
68713
71053
72907
73789
72979
71017
72457
71575
74563
67984
70531
69649
70720
73249
69343
69433
73249
72547
72556
69991
71629
71638
74365
69937
72385
74167
71269
70513
73663
70711
70981
71485
73609
73735
69163
70261
72961
73510
71125
73897
69586
71773
70810
72448
73798
71089
72322
71719
71629
70603
72223
71629
71836
73951
72583
69892
72871
71197
71035
70783
71449
71053
70729
68371
71719
69163
74743
72295
68425
70243
72331
70441
72061
71773
71521
72898
70567
68695
72187
72313
73861
71215
66553
70729
71989
66859
72385
71953
72601
68011
71989
69379
69991
72043
72889
69955
72745
72691
69793
71161
70657
70180
72691
70603
72871
73429
71143
70477
72457
73987
72466
73771
69811
69865
74482
70369
69568
72241
71827
70342
69469
69685
72547
70477
69361
72367
73285
72547
71854
73969
70765
75121
74257
67759
71017
73231
68083
72295
73069
69667
70999
70999
72277
72547
73420
71728
70117
70927
73483
75031
71890
72565
71071
69757
70927
71503
70603
70405
72349
68911
70063
71800
73357
72943
73087
67183
69145
72223
70333
73231
71242
70171
72781
71575
71071
71899
71485
71359
71539
71089
71881
72709
73771
69559
70585
70954
68371
69433
74491
71755
71215
73033
69307
73465
70837
73735
74077
70405
70846
72277
70981
70477
72529
72997
72763
71503
73465
70801
72358
70351
71989
71575
72997
71827
70567
70945
69361
72475
72511
68569
69739
69595
69271
69415
72907
71449
73411
71557
68533
71791
67867
70765
71179
72259
71899
72583
71467
71629
71116
71467
70639
68299
72223
73843
72475
69568
69793
73159
69991
68803
72151
72241
72259
71719
74113
71179
71593
71098
73753
74167
69991
72385
69505
73123
74131
72745
71287
72061
73645
71539
69676
68857
73357
71881
69829
71341
70369
70873
72106
70279
73285
70261
71899
69883
69919
73357
72151
72655
68425
72637
69235
72745
71782
70216
72223
67381
71089
69163
68614
69991
74077
72745
73843
73177
72619
71593
72331
70909
71881
71323
70513
74005
72151
70657
73555
70243
71116
72043
70783
72259
68929
72709
70243
73681
78379
71233
73897
71611
75049
68641
71917
72079
71818
70099
72043
71161
72331
76183
71107
73069
71827
71161
70171
70504
70783
67795
69181
73447
72313
69199
75265
72997
70063
72889
68191
69901
70927
71953
69973
71215
76255
69595
69937
71035
70423
71521
71503
72097
69883
74059
72583
71980
70657
72421
72259
72403
73123
70765
72907
67921
72574
73177
71071
72547
70099
69325
74599
74077
71665
72493
69253
72313
70891
72169
70189
71467
71305
70927
70693
69541
70207
70135
70765
73177
71719
72826
70243
71287
68200
71395
71701
72457
70756
69919
70369
71413
71089
68902
68677
72367
72727
71188
68641
72943
75499
69667
68893
74509
70783
72439
74050
69433
72511
73915
69595
70099
73447
70747
70585
72601
73483
69397
73537
72160
71755
71755
71242
73033
70495
70945
72745
67543
70315
70297
71710
67543
71755
72367
75247
73231
70387
69127
73159
70567
70081
71323
71539
70783
75967
71827
70657
66031
70207
70000
67777
68965
74023
72241
72295
69037
69361
71143
71044
67651
75319
67957
71413
70315
72583
68965
72709
71593
73582
73969
72223
71539
71467
72151
72295
71377
74095
68821
73807
72565
72538
71953
70063
71773
72061
69739
72043
68983
70117
72583
71413
72457
73015
73411
68875
72979
71863
71971
69253
70405
69667
69703
73735
69541
68767
71593
70585
72763
72367
72979
70729
70279
72007
70369
69127
75949
71152
71557
70027
72817
69361
72133
71449
74383
71503
70171
73411
70477
71197
72583
69271
71179
71719
75643
69541
72313
69973
72727
70099
76345
71899
72403
70315
71683
73375
72187
71809
73267
73339
68587
70531
71215
74545
70270
70270
73249
71089
71737
71017
74365
72763
69883
71683
69973
70324
68659
69091
68947
71305
69919
72691
69091
71089
73753
71674
72313
70423
73600
73051
74653
70405
71701
70639
73933
72475
71629
74743
68479
65239
71071
72223
73213
70063
69730
74158
70765
71899
74869
74221
72439
73519
69523
73591
72925
74599
70063
68893
66283
70315
72835
73303
72385
71755
72223
70243
72331
71035
69676
73177
71269
71413
71305
71251
74437
69721
72043
72835
72547
70783
70171
72673
68623
69685
69973
71953
72556
70945
72475
72511
71179
77299
70639
74149
68245
69469
73339
67399
69829
70747
67633
71413
69613
73168
71539
75193
70549
72313
70855
70657
72133
73645
73951
72007
71863
71143
70189
72313
73141
68407
71863
71665
71143
71089
69505
73870
72151
69577
68515
69937
71755
69775
71503
70459
71188
73645
70063
71143
73321
69469
69739
68308
73393
73771
68785
73645
73969
68605
70243
68605
70648
69613
69919
72817
73555
70333
68551
71629
71683
67759
74527
72529
73339
73069
72997
70873
69235
70045
68317
69199
69757
69190
71989
76705
68335
70891
72205
71791
71575
70909
71395
69991
68029
72259
71683
70711
73591
67885
72655
70909
72790
73393
72817
71674
72259
70783
69685
72889
70540
71269
73249
70693
71656
69991
70333
68911
71611
70333
71791
74185
72799
71827
71935
71422
69595
73213
70459
70279
73375
69901
67291
71593
70639
68785
70027
71953
71719
72385
71404
71395
72745
75463
69901
66499
71305
73735
69667
70153
71251
68335
70639
70549
71395
72439
71881
71557
73321
72304
73897
72655
70495
70135
69739
69577
70585
72160
68641
73267
70747
70009
73681
70369
71305
72538
70333
73915
68983
67309
71701
71971
69991
73177
75229
72385
70747
73951
74041
72007
70135
71737
69379
69163
70711
70684
72925
69703
71683
70711
71989
71467
74095
72547
72565
71521
75004
72439
70657
72367
73411
69955
68965
72763
73465
69433
71539
70837
72133
72529
72565
72493
69847
71251
73321
70315
69811
73285
71053
68767
71071
70351
73555
70855
72025
71125
70819
70711
73267
72880
71161
71323
72511
71917
70243
74662
72997
67039
71071
72799
74275
73393
70963
71035
74941
72367
69487
66697
73897
69973
73987
70171
72061
71377
75589
72727
70081
70621
72241
70297
69217
70315
70009
70360
72637
73069
71449
68479
69901
70603
69919
70999
70351
73537
69559
72205
71710
70333
72583
72043
71737
74851
71107
70603
74887
71575
72259
70873
71359
72043
73033
71809
73852
69307
68848
69397
74707
70387
73861
71773
72961
74581
69559
71854
72907
72151
69406
71539
72061
70261
71305
70009
71017
71449
73501
71215
71197
71971
68893
70837
69568
69235
67489
72943
69253
71161
69577
71341
69505
72835
66967
72205
70945
73645
69235
70810
74419
73087
73015
69487
71143
70864
71683
72187
71755
72439
71539
72223
68947
70009
72052
72376
73357
72655
69271
72133
74617
69829
71629
67957
69469
69865
70972
74455
72637
70639
71899
71827
70729
71773
70171
69865
70477
70351
71611
72799
70747
73249
72907
72889
70783
73384
71845
72079
73699
71251
70063
70729
72313
73159
70225
68713
71863
73483
72673
69145
69757
69541
70405
70459
69685
72547
71818
71359
69145
70342
73699
72961
73321
70333
71431
73807
71557
69775
72898
70333
71161
71773
70675
72079
72565
70891
67885
72133
71395
70279
74725
71629
71179
73573
70495
72826
74941
73672
71395
70081
77443
72673
73609
69181
69433
72655
69091
69127
69181
71557
71998
72169
73915
70405
72853
72277
74419
73375
72367
71629
70927
67183
70999
67732
68461
70945
67138
73717
71863
72223
72583
69775
71359
71935
68893
72097
70297
67543
66463
67507
72313
72142
72997
69991
71377
72691
73051
71233
70567
69847
71485
69973
71773
69289
70963
71026
72025
73177
67885
74203
72025
72097
70153
75193
73231
70639
70765
72367
72781
67327
70909
70639
72583
71737
73591
67885
72979
71575
71017
70603
72349
72295
70279
73051
70009
70837
73123
68569
73465
69991
73915
73168
73969
75121
73843
73303
69901
68290
74635
70585
70621
71359
72169
72439
71278
73789
71107
73879
72925
71485
71935
69865
69019
73231
69757
70603
67318
72691
70306
71143
69613
73087
71521
70441
70387
73501
72151
75499
71611
66940
71125
69370
70981
72925
73141
73303
72259
71071
75103
72817
72349
72007
71341
68821
71251
74221
72601
72889
70837
68731
68389
72223
70441
71467
70639
70063
70909
69442
70315
70495
70909
71449
69973
72727
72421
70207
71935
70225
70729
66517
75265
71809
73753
72565
71701
68407
74743
70639
69001
70027
72979
73069
69955
71584
70135
70855
70945
69433
71827
71719
71539
70567
71665
70063
70549
70819
74113
73375
73969
70873
70639
74059
72169
75121
71809
72358
70675
72691
71089
68371
69919
73357
73501
69289
71773
72673
67831
70063
73609
71035
71287
72925
72151
73546
72331
71269
70135
70963
71467
71017
70279
70441
70819
68911
72709
73951
73807
73033
72205
70963
75391
70135
74293
69703
73717
72853
70639
72781
70873
73087
72709
74221
70603
70918
71467
74941
69370
72799
70981
73321
68911
72709
72637
70306
72493
69073
70630
74329
70441
70171
69046
67129
73033
72187
72727
71179
71611
72853
74131
72655
71413
74041
69091
70711
68929
72853
73609
71917
73177
72277
71359
72493
70243
74941
72241
72043
73015
70945
73258
71953
71107
69973
72007
70855
71647
68803
72583
72223
72997
71881
70819
71197
69037
71215
69721
68389
70036
72043
72475
72907
73375
73069
72907
71701
69055
70387
71323
70927
72934
70180
71917
70477
69289
70279
69892
72763
71467
73771
69325
73771
71683
70081
69217
72511
71395
74473
71791
67939
70639
70567
70657
73681
73393
71557
71359
70945
73213
78055
69451
71395
70531
69343
71863
67048
69523
67399
71377
74347
72313
70099
71251
68749
71593
70135
69937
72898
72079
72394
72079
71989
72439
70261
69451
68533
70099
69469
66823
69631
72025
71701
73177
71791
67669
70378
72457
71413
73267
70828
72862
72079
73627
67399
67219
72799
69667
75535
71557
69973
70945
70891
68983
69397
69595
71089
71287
71125
75247
73141
73222
74014
71827
70765
70477
70819
74077
71899
67597
69883
70783
73555
72007
74833
74860
70855
74545
72997
71539
72781
69829
72799
69577
72997
69307
71845
69829
71179
72475
69262
73375
70927
75175
74761
71359
72421
73141
72493
72862
69433
70405
69955
69721
71926
71449
73267
74437
70945
74311
72295
72061
73771
69361
72799
71791
71179
72583
73753
70585
70495
70063
69973
71539
74437
69505
72061
71107
68245
71845
70783
72673
69685
71179
73267
69892
71971
71071
77029
73429
70783
68938
69829
72097
72502
71143
74185
73375
69253
68497
70783
71917
70981
70909
74014
72529
71755
69829
72925
69541
71539
70621
70009
70585
68731
69451
70477
68785
71611
73735
72259
70153
71863
70891
71971
75067
70027
75265
72421
68632
68785
72781
71323
73375
71602
71575
73717
74725
72205
72691
72277
69631
70810
67831
69775
69595
71485
72583
68479
71683
71197
72277
71323
70693
71575
71287
72736
70504
74041
74509
74518
70207
73285
71953
69091
72835
70981
71323
71305
71107
73213
67849
71089
71089
69847
72925
73483
75067
71863
72007
72403
70603
70945
70468
73627
75211
70639
70279
74761
72853
75877
72691
70855
69460
72367
73087
72223
73807
76489
70693
71899
73393
71035
68263
71971
73339
68335
73807
74905
72043
69055
73537
72079
72439
71089
73483
69622
70801
73645
72061
70927
69541
71305
69685
71683
72511
69217
71809
70414
69703
71323
71125
69487
71503
70999
68515
69055
74491
74041
71539
75733
68911
71764
70594
71251
71827
73069
67867
70711
69217
73213
71647
72997
72637
74761
71899
69685
71683
71953
71179
71836
70135
70036
69253
70171
71395
72655
72475
70837
68695
68524
71485
70801
73789
71053
71539
71431
66895
71377
69478
69037
71107
70369
73339
70243
72115
71953
69811
71737
73663
69379
73195
71575
71647
67471
69415
74185
70333
72691
69649
72763
69433
70747
71503
71719
72655
74545
69829
71953
69847
70693
71341
69613
70351
71359
71062
71107
69973
69793
73933
69577
71971
70189
73429
71395
71395
73555
69541
70999
67921
69325
73195
68866
73573
72421
72637
71575
69613
69505
70369
70315
70243
73789
74329
71782
72709
72223
72385
70846
72655
72583
68425
69001
70351
72214
72925
75283
69397
72115
71791
73537
74194
70765
75103
72331
69901
70333
71197
71701
73807
72637
68695
71881
74158
69865
71071
70936
72709
70999
72763
70621
71107
73123
68092
68803
72052
70945
68569
69784
74725
69343
72727
69541
72043
71269
69280
68434
70729
71737
71359
70837
71197
74005
73312
68155
70027
69325
66823
70909
71791
74977
66625
70801
71377
68605
72124
73789
65707
72367
69253
72997
72583
69685
73339
73699
68983
71935
68389
73267
73447
67543
72745
69037
68569
72313
71737
69559
70189
70774
71530
69451
72637
70063
72277
72727
71683
72754
71044
71323
71485
71845
72547
71125
73771
72277
71845
73375
71431
72151
72385
72457
73897
70621
71035
71035
70765
72169
70639
73717
75391
70099
74230
70297
73303
70405
72691
71827
71179
66391
69919
73249
73987
72169
73006
69838
70657
71881
66877
71719
70567
72259
73123
71899
74275
71800
70873
71260
70081
68749
71017
70810
71845
74041
72871
69001
74401
73177
71161
70873
73303
70999
69937
70387
69289
73321
71530
73807
71998
70657
69469
72547
75778
75013
74041
75373
73285
70567
74275
72097
72295
72664
72511
70207
73870
72664
73231
70909
73843
69325
73411
70909
69217
72043
72205
72979
72673
73051
69973
71197
71899
68569
70279
70351
72061
72817
73393
71854
66958
73015
74077
72655
72799
72007
70549
70873
69721
71647
70279
72025
72295
70531
70009
72457
69721
72241
72835
71341
73123
72187
70369
71467
72835
70711
71971
73123
74221
70171
72205
73537
72907
71917
70207
69883
72079
71521
69505
72628
71809
74230
71530
73366
71341
72079
70333
71485
68983
71881
72601
71683
71683
73321
71863
73249
70621
71341
71179
74185
71161
70045
72169
74599
70099
70963
71521
73258
71719
71539
72457
70027
71953
70999
72385
69136
73501
71413
70495
72205
70783
69415
72331
70675
71233
72871
73132
69586
72295
72646
73663
71035
73537
69271
69235
71323
70369
70657
71989
72133
69955
70072
70549
71827
71035
70189
72295
72169
69559
72349
71629
71971
71575
73249
74041
70927
69127
69928
74041
69775
70261
71575
73501
71503
72619
71323
72709
71017
74365
68137
70387
73591
72439
72016
70360
70009
68353
73321
73159
69325
72583
71737
71953
73933
75445
70027
69802
71827
69019
68857
73393
70117
69865
69469
69991
75013
71809
73249
71791
71629
69919
71647
73141
70621
70441
72223
70585
70099
71719
69541
71467
71557
70315
72151
70099
71494
71773
71899
68713
69847
70549
69703
70621
73159
69919
71863
74077
72484
71098
70711
71125
72943
70981
73303
71629
72781
74095
71413
73258
71125
70639
70171
73033
72673
71521
69181
73951
70261
70423
74716
67219
71647
70369
72385
70207
71881
73699
70585
74977
70459
72043
73411
70765
69037
69955
73429
71683
73195
71827
68299
71872
70585
71377
72295
72421
70657
72025
69703
69829
73573
72997
73051
72475
71359
70873
72493
70972
71071
70891
73204
72529
72871
71197
72025
72025
72862
71737
71332
70405
72007
70117
70441
71467
72637
69919
72853
69973
67579
69235
69001
71827
70747
71989
70963
75121
72511
74689
72223
72511
72115
67885
74689
69613
69937
70063
70207
74887
71881
71224
71305
73807
72799
74005
71665
68011
73789
71854
70387
73249
73771
72511
70171
70477
71593
71323
71071
73447
71017
72772
71431
73231
69613
72187
71755
67957
71539
72691
75967
68767
71512
72781
73267
72097
72493
71431
73015
72061
70801
70342
72583
70603
66085
71773
71377
69829
68983
68236
74905
67849
70909
71179
71935
71755
70585
72268
70873
73069
73771
71224
71881
71125
70171
69901
71791
69721
74491
71845
69451
73249
72547
73879
71341
71449
69811
71377
73969
72601
71224
70063
69010
70945
72313
71989
69811
69775
71071
74167
70117
73645
69991
68893
72025
71107
70693
72907
72313
69631
67903
71467
70981
69685
70720
70936
73897
71629
70873
71557
71278
70441
72871
70927
72925
70801
71629
71323
69955
73951
70999
71629
70531
73591
72637
73861
70963
74077
72817
73015
72619
73393
71827
68551
69847
70459
70549
72133
74023
70675
71530
73186
71917
71431
67039
70648
69991
72331
67669
70261
72592
72457
70369
74815
71809
73555
70243
72376
72277
69379
73519
69883
68677
73843
68443
72547
68137
72205
73258
72061
71881
70045
70135
68965
70459
74581
72709
71125
68029
71197
70315
71971
71431
72349
71665
71926
69109
70459
69991
71323
74509
71935
71737
69217
73501
69640
66985
71071
71899
69181
72817
71755
70648
74023
71017
69343
72817
71719
71269
72151
70477
73735
71701
73708
70765
73303
71377
73573
70765
70855
68119
70117
72583
74185
71611
68515
71683
71233
71503
70567
70027
72043
70495
70639
70855
72277
67993
74491
68911
70603
71287
71971
72061
71305
71449
69433
72565
73798
66634
71395
71989
72547
70837
73429
72340
72727
73447
71521
70324
74113
70864
69541
71305
70117
70117
69586
72637
72151
75157
67345
72565
72322
71863
70225
72943
72583
70837
73141
74275
73177
70333
71467
70081
69469
71161
74257
67030
76147
72367
72997
69757
72709
67111
74113
70441
71539
69865
71251
73159
70594
72961
73177
72367
74527
66409
70135
74716
70873
73789
71944
71125
73555
71773
70927
71197
71791
72205
72394
72565
71719
72520
73573
70945
70783
72052
71161
74806
73969
71917
72637
72205
72367
70333
70117
71719
74401
70117
71953
72637
70567
73681
71989
72241
70243
70729
69325
71683
71053
70261
68479
69595
72799
72547
72529
70243
69793
72043
71656
70513
72943
71665
72619
70387
69703
69613
72853
69685
69073
71899
76381
70549
73861
72151
71602
73627
69811
72367
71809
69991
74221
70027
73177
69865
71647
70369
68785
71071
71269
69415
71107
73519
71395
67939
72385
70189
70819
70045
71233
69487
70747
73825
70873
69325
72313
69847
72223
70801
70621
71953
74689
71971
71593
71287
73411
71881
70729
72691
68893
72826
70675
70243
70072
69775
70315
72925
71161
73285
68785
72367
68353
68047
68263
68497
69487
68317
71485
73438
71629
73645
69109
71521
70189
73195
70981
76129
69739
69541
71251
73393
70225
71917
76003
69613
72187
70441
69685
69829
75355
68479
69397
70558
71413
72655
70999
70261
69289
76255
73285
71503
70099
66994
73159
74977
66931
70549
72214
71179
71503
71773
69955
71899
69127
72925
71971
71413
71917
71953
72421
67669
71521
71539
72394
69442
71287
71287
72133
70603
68839
74950
69577
71467
70117
72583
71377
71566
70261
73267
69973
71395
70963
67147
71467
71071
69955
70765
72583
72331
71062
72349
72871
68587
68317
71215
72961
73051
70999
72475
72781
71809
73771
70063
70171
72169
71575
72583
73177
69001
69577
72007
74464
73897
75013
70171
72025
70945
72367
74077
68587
73141
74167
71647
72313
70225
70909
70621
70513
71323
71341
72133
70279
71269
73015
72295
68983
73429
69505
73357
74221
72061
71845
68587
71269
70819
72349
71539
72871
72898
74131
72205
70351
74221
70387
70603
72439
71764
71521
72961
71647
69919
73123
71269
69289
71845
71647
72187
73204
69199
73555
70837
70927
71431
69055
76210
71647
72565
71485
71449
72907
67813
72331
72169
72007
71413
73699
70774
71107
71629
70837
73951
72169
73177
71593
73393
70657
68857
71737
71251
72061
73231
68551
72313
69847
72331
67723
72601
67813
68893
70378
73285
71161
70351
71215
71449
70693
72547
71539
73087
69271
73609
71521
71935
70819
70135
75805
68101
69793
67525
74545
72385
74707
71701
68767
70621
68515
70639
72061
73717
72043
69667
71539
68767
68785
70261
74041
74095
72124
68911
71413
72601
72691
70729
73249
68011
72565
69595
69649
70783
71269
70423
71773
72583
70513
70045
73987
71449
72403
65842
71863
70693
73213
69631
72061
65977
69667
76102
70567
71107
70981
71962
70144
71017
73924
71881
74077
72133
71629
68047
71179
73681
71431
70963
71935
69577
72115
73231
69991
72934
73636
73681
72187
72583
69595
70279
71287
70891
69649
73321
70585
71719
69577
69973
70729
72529
73555
73267
71557
66985
71395
71134
70846
72979
69919
70945
71683
71377
70315
73051
72430
70153
73483
70603
70297
69919
72187
71773
72781
69784
71629
69262
72493
70387
68785
69703
73087
68452
70171
72673
69433
69127
72367
69055
72187
69595
74167
68443
71881
70081
74653
71071
70099
73681
73501
71899
72475
73663
71557
68587
71917
69109
70963
70873
70459
69109
71161
70513
71179
70207
71287
72322
71377
67741
68083
70261
71431
72367
70207
70441
73429
71197
72763
69631
69649
67363
69577
71287
68677
74311
71575
69523
69010
70531
73411
70765
69847
72097
73015
71359
72943
70693
71215
70666
71701
71053
67705
70963
71701
70981
68029
73969
74869
75175
68893
69208
68929
72727
71755
73645
68623
70513
70621
74041
69307
68047
65221
71800
71683
70405
71881
75121
72781
71863
74995
72853
73447
71971
70711
72070
68443
73195
71665
73465
72079
72799
69685
68569
74959
71980
70225
73357
71530
70333
72619
71107
71899
73249
69811
72439
73753
70099
71197
74059
72556
71359
72025
70549
72043
73843
71647
70243
71467
72709
73303
71566
72511
72925
68281
70567
68542
69685
72853
69919
74113
76183
73213
72007
69757
76543
69883
70657
69523
71431
70711
72169
73537
69379
70927
70477
71116
70189
72835
72790
72115
73051
68101
70675
74383
71071
70486
69127
69883
75400
69829
70837
71467
69469
73807
70063
69937
70927
69991
69667
71098
69703
69811
72421
71377
69892
71647
73267
71467
70009
73843
71944
72583
71899
71143
72169
72259
71989
71485
74023
72367
70333
71989
74239
72205
71035
70711
74509
72259
69361
71485
70153
68875
69118
69163
72763
70333
75211
67921
70027
71881
71125
70873
73447
72349
72979
70441
72115
75193
74563
70351
71629
71935
71359
71413
71503
70477
70720
70351
74761
74095
71611
72259
71728
70279
72745
71035
71971
73015
70927
71665
73537
72853
68749
73015
71071
71548
71773
73105
69469
73411
71881
69712
70279
70387
70135
69415
67849
69901
71197
71557
71215
71116
74131
70783
71359
70045
68020
70261
71971
73699
71287
72637
74725
71719
74842
72151
71377
72007
71485
70909
68875
75463
72655
73420
71593
71242
70729
68965
71449
71467
68713
72835
71251
67831
70819
73060
72187
69433
71773
69469
71935
71656
73249
70639
72115
70117
71053
72313
69055
69883
69181
69388
68533
67903
72151
72871
72025
70549
73249
69199
70909
70621
70963
71449
72700
72061
73519
72439
73519
71161
70639
71521
70837
70801
70135
69091
68308
72691
73753
71449
72781
71935
71251
73213
72268
74365
70765
70765
71449
72187
72853
71539
72259
74473
71341
74347
72349
71179
69955
71107
71359
72781
72619
71809
70999
69307
72097
69433
70261
74005
74347
70837
69991
71377
69523
73915
70855
74221
69361
69721
74509
70963
71341
71791
72241
69055
71368
70711
70765
70531
70882
72439
74527
68713
71827
72007
71125
72655
69199
70297
72025
70405
71593
70063
73771
69127
73735
70405
69361
70099
72385
72907
70369
68893
70297
71305
69829
69667
70891
76075
70027
72691
73519
71233
73591
72835
74185
71719
71620
73393
71215
70549
69037
71755
71359
69919
72835
72574
72439
74797
72475
70747
69883
71575
72403
71035
71035
72142
75751
69037
68065
69757
74248
72691
68659
71017
70837
70828
72727
73735
72160
74905
70972
73123
75103
71854
70801
72511
70495
71557
70837
72709
70261
74239
70189
71359
71890
72205
72907
70855
68911
73447
71611
74743
71755
68587
71323
71737
73537
68515
69883
71791
72448
69973
71431
68731
72655
70639
70225
70153
70927
72313
75139
73303
73123
71467
70441
72637
72934
72007
72565
74275
73753
68911
71143
69613
71737
73303
69343
67417
71431
68902
73267
69037
69991
71323
70810
71179
70171
70828
71089
71737
70351
67633
70711
70819
68857
69667
73897
69172
72700
69883
72223
71665
71251
69343
72709
70873
70171
69451
72295
71431
74185
74347
73033
72151
72313
70639
74725
68983
69973
72844
70027
69469
74743
71908
73213
72061
73573
68407
70108
71053
72259
71701
71413
72799
70477
72133
71242
71809
73915
70027
67993
71089
72223
74005
74203
69325
73537
71323
70405
72637
72097
71647
71395
69280
72547
71035
70063
68749
69973
72223
68875
69253
70189
74023
70747
68479
71395
68587
72277
69091
70945
70711
70729
70603
75535
67957
70549
69829
75463
65851
72277
71764
70891
69289
71611
70819
71701
73303
69469
70126
75913
71413
73447
69145
71026
69649
72889
71125
71611
72493
72241
71197
70783
72673
73249
68119
72079
71557
69721
71251
73861
72511
74959
74581
72709
68029
71521
70027
70837
71395
70819
69973
70567
72421
70369
70369
72115
71278
71827
68065
72835
71107
69586
73285
70549
72061
70639
70189
69739
74113
69811
69946
72943
73609
69649
72655
70279
73555
70423
73744
72547
72385
72943
73591
69253
71071
73897
71521
70675
69973
72799
68191
72169
67975
69865
72529
69631
72457
72151
70981
69433
72565
69775
71989
70531
73438
70351
73393
72025
72367
69919
71161
67543
68983
70936
70027
71755
70585
72439
71467
71233
72043
70279
70981
74041
74599
72268
71521
73663
70135
70405
73843
72007
71791
71053
74131
67453
72259
71557
73879
69595
72583
72817
73519
72457
71629
67831
67723
71971
72889
72853
73132
75175
72961
67759
72187
74005
72439
71143
71215
70099
71953
70513
71899
73663
69523
69829
73609
72484
72043
74275
71449
73321
73969
70729
71485
72241
72727
70729
71755
69901
70171
73267
74167
72205
73771
73249
69145
74374
70693
70909
74977
72421
72007
75103
72079
70099
72061
72691
70558
72646
70729
70477
70621
70801
70927
72475
67723
72133
74311
71647
73699
70495
67219
72277
71161
72115
70387
69721
72367
69541
70117
72313
74833
72781
73519
71881
72673
70837
70522
75283
72223
72241
73789
73969
75157
73591
72025
73411
74203
70018
68173
70243
70747
74302
70432
70243
67849
70783
70693
71107
69973
71170
71539
71449
70117
73231
70261
69271
72565
72349
71287
72439
70963
71287
72889
69631
70243
73492
73357
71278
73861
71557
71683
72529
73888
74293
70153
72925
72079
72259
69676
71899
73249
73375
72241
72808
71215
70891
70801
71575
69118
69937
72295
69181
70279
69559
71143
71539
71089
71143
71665
71719
71953
71215
72511
73321
73699
73825
69469
70873
71899
73879
67633
71863
72619
71701
74365
72583
70342
68965
73771
73051
71539
68893
72169
72394
71233
70909
73681
70387
71359
68965
72781
72133
71809
70315
71845
70495
70225
72007
73141
72079
66049
70693
73915
71467
73195
72727
73465
67543
72133
72403
70477
70657
72457
69649
73159
73285
70117
67615
71035
72493
71197
69379
73609
69460
72745
71845
71584
72079
73186
71413
69388
69361
71647
76255
70891
71503
70531
72160
70783
69091
69091
69577
74473
72259
68965
71116
72403
74149
71125
72223
73150
70243
69361
71269
72439
72223
74977
72331
71485
71161
73555
72961
69901
71485
74599
72295
69676
70018
70855
69235
69091
71683
70999
72943
71179
71017
72673
71719
71773
71629
71071
70297
75211
73249
70981
69955
74437
71593
72115
69019
71611
72925
70585
73843
70081
68119
73636
68677
72799
68677
70603
70117
69199
70513
72673
75463
71647
73438
72313
70261
70738
70675
71827
73519
74473
68461
73915
73753
71125
70567
70603
75229
72169
75067
72493
70621
72709
70981
72529
72259
74293
75121
70999
71305
68857
71737
74239
70153
72466
71179
71449
70297
71935
70495
71584
71917
70387
69820
69901
73123
72403
71053
69865
71683
71701
72538
71863
69775
72277
72475
70603
70981
73123
73393
72160
73699
68011
72871
71647
71251
71053
73699
71962
72079
72259
72115
71503
72547
72007
74275
70783
74455
73411
73249
73195
70207
70999
72583
73627
67543
74113
71485
69793
71539
69487
70909
70153
69460
71161
70765
74257
70747
66337
68254
72205
72601
70729
70801
74275
69217
71485
72907
71719
77488
72529
67795
70828
71899
69883
73645
72223
70459
69397
71098
70693
72169
70549
73249
69874
71215
65923
69973
71989
72313
69145
69919
72241
72448
73303
70180
72349
73222
71386
75445
70711
69523
70981
71989
71539
73573
72295
71422
72043
70837
70081
71161
69757
72529
69847
70711
71125
72826
69829
70063
75265
69001
72709
72511
69649
73123
72511
69163
71719
70333
75571
72889
69847
69667
71899
71044
71917
69361
73501
70846
71107
72385
71449
75517
73555
74905
71791
70045
72529
73249
72187
73303
70873
73267
72916
71125
70621
70162
71215
69397
70657
70549
68353
68947
72259
70927
70441
72781
70432
68713
70864
70567
68713
70819
71395
74113
70243
73177
72115
70621
73033
72133
72007
71035
72475
72133
71755
72349
69118
70513
72421
69937
70621
72763
72529
70603
69847
74365
71035
72943
71719
69649
71692
73501
71863
73717
72421
72187
73123
67975
69487
73717
74005
71629
68857
70549
70819
71233
70621
73843
73132
73501
71017
68335
68173
71125
73897
70981
69541
71305
70459
69613
69631
72286
72169
72403
69307
70909
69019
71377
71359
70423
71017
72151
72385
73789
71575
72349
71701
71215
70387
76579
73339
70549
72565
72403
71458
71467
70567
70873
70081
71251
73285
66337
69973
71125
68614
70945
74707
72457
74167
70657
69505
68875
71782
70189
70621
70567
69703
71089
71233
70747
72151
72727
70945
71629
71089
71017
70801
74869
72223
70675
70927
71701
69073
71161
71143
75157
70963
73330
69568
71215
72241
69991
71269
72763
71242
71863
72115
74527
71467
72061
71359
71035
72187
72781
71746
70189
70945
70387
73267
72223
72691
73438
73942
72727
66877
68632
71656
68209
72079
72691
75067
72565
70225
69253
68425
70585
72205
74221
67201
74995
74293
74437
72943
75211
69487
70549
74374
70153
68830
72799
68281
73069
74068
73735
69253
71197
71899
69586
74149
74599
72025
73303
73591
68173
72799
71539
73285
68695
71107
70783
68731
70999
71971
70099
70603
74149
72061
74599
70117
74635
71467
67417
68650
72115
72799
71719
71908
70423
68371
70567
73177
70477
73645
72187
72259
74545
71611
71701
70396
71125
70873
69811
71017
71323
72133
69325
70225
71413
73483
71143
72187
72313
71809
69127
69595
69847
71323
69703
71107
70585
74149
71737
71161
68767
71053
72673
71161
70243
72043
73411
71665
73681
74311
71647
71755
69253
72979
70459
68569
71278
74410
72241
70234
71773
71629
67327
70603
69019
71989
73546
67993
75535
69775
68596
72385
71521
68785
70648
69703
70495
70585
70657
72115
71575
72655
69199
70963
70351
71125
69289
69163
71494
71197
68083
71575
71179
71593
72619
72061
75841
69847
70243
72799
74581
71071
71935
72385
70801
70801
72835
72439
71593
67705
69955
74383
72079
71359
73051
71017
71134
73069
69991
70783
73663
68308
70333
72070
71089
71683
71233
71557
71017
71017
71269
71917
71413
73105
72781
72961
70090
68821
73897
71557
69973
71629
70189
68083
68659
69199
71629
71791
73159
70963
71359
73573
69271
71170
69469
72061
69217
72169
69433
71017
68047
71719
71674
71503
70081
72952
71395
70045
71593
73159
74401
70117
72043
72709
70891
73141
68569
71017
73807
71809
70945
72349
69829
73591
71233
71737
70387
74023
68245
69433
73816
72691
73132
70189
71305
71827
68803
68497
70225
69019
74401
70729
72421
72439
71629
70099
71179
71107
68299
68947
71251
71107
70324
72925
70720
69991
69019
70315
74329
71845
70981
69388
71665
73015
71386
70279
71917
71341
70297
72025
72880
71683
70387
70135
69703
71107
73348
71521
74797
71683
71107
72565
69901
73186
70171
73393
69991
71305
70459
71935
68155
69793
68713
72817
71197
72709
72619
74689
70873
74257
71593
70630
70585
70675
74185
72277
71521
73033
68632
72439
72205
69181
72313
70405
68497
71755
71845
71143
67255
72943
71035
70981
70837
71665
69577
74725
74995
71917
68371
74095
71809
73177
75319
72511
73357
72385
69973
70513
72646
73141
71476
69613
69478
68794
73465
72439
71647
73627
70297
73213
71287
70594
67471
71413
71683
71647
72079
68281
71179
71755
69397
66859
71773
72493
74572
74113
72961
70981
69928
72925
73213
72079
70945
72817
66157
67543
73285
73015
71035
72727
70549
68155
71521
68983
71683
70693
71971
70711
71971
69541
73717
71683
67561
72709
73897
72979
72241
70693
72583
71935
73303
72295
70891
70639
71809
73753
71647
73366
72421
73735
74905
69397
69649
70207
72853
71179
71089
74023
70333
72673
69271
74878
71935
69811
73141
73069
72277
74239
69937
70765
73627
74023
69883
72007
71971
72115
72961
73357
71035
71827
68929
70531
73861
73771
69460
72745
70603
70675
72007
72745
72169
70801
73033
72583
67309
73195
70603
71467
72025
75553
68839
73087
72043
67957
73159
71521
68569
73213
70873
72583
72871
73573
71773
70315
76615
71917
73537
76039
72709
68569
70045
69775
73105
74149
74086
70477
71269
70477
70747
69307
72241
71881
72061
71719
73123
72817
73978
72619
70693
71791
71062
73717
72583
69829
70909
71593
70225
73861
69919
70873
71989
70639
73051
73069
72421
72313
68965
71053
72151
71737
70675
74185
70801
74149
69523
73123
69955
72799
71467
69685
74401
73195
74077
69613
72853
71071
70675
70243
69865
73699
70675
70639
69235
71845
74329
71071
69685
70981
68389
68065
72115
74815
71251
71593
67264
71971
70873
71377
70711
71341
69775
70423
72655
71845
71350
71953
69667
72205
70873
69505
73303
74149
72844
69325
70891
73807
71773
71809
77785
69757
72844
74041
72943
70126
70927
69217
70909
69325
69829
69955
67723
73033
70288
70999
71143
71305
69955
70729
71935
71575
71143
71125
73123
69901
71242
67417
69127
69559
69847
72043
72763
71341
72655
74257
72115
73771
70459
70801
74500
72475
74455
72295
70657
71197
68659
70729
68155
71593
70045
71989
71089
67048
70405
69793
70909
70045
71449
72583
69109
73213
71521
73789
72259
73573
71557
71377
68821
74185
69190
72133
67651
70837
74563
70549
69415
70441
69955
69847
72529
74473
73663
66481
71593
70981
70423
72349
70153
70675
73339
71935
72961
73231
73501
67903
73339
75643
74599
70603
69703
71647
68245
72727
73150
74437
71989
69685
73123
69739
72691
72583
71161
73375
71593
74014
71026
72889
70351
74095
70981
68587
72223
69829
73285
71755
74392
72313
70891
70819
73105
70801
72511
74113
72223
72187
74203
74653
75319
70099
75265
72277
73951
74131
71467
74239
70513
70945
70909
68533
70729
73753
67579
71233
71413
71287
70171
70351
74131
70621
67273
71683
68173
69343
72601
71926
72997
73915
68983
74509
71341
73600
73105
72097
72583
68353
69955
70603
70495
69523
74770
73465
70063
70027
71395
71971
71485
69073
76345
73555
73735
71755
67543
72097
71953
71287
70927
70225
71071
72961
72799
73825
70981
69379
72475
68893
71845
72043
71215
72151
71989
73069
70189
72043
71737
73393
68659
70189
71206
69865
68461
70495
68857
71701
70621
72475
71071
71323
73915
70459
71647
72169
72637
70711
71161
71557
70747
72043
70351
73249
71287
69865
70567
72043
73285
69199
71143
70855
70189
69307
69973
69739
72961
71647
70477
72313
69739
73951
74941
73843
72997
71197
74239
72655
73195
71647
71827
72403
70909
70855
72745
69811
72007
69595
71251
70477
69703
72421
69955
