24804
23976
24606
25119
24345
24471
24444
24120
24102
24264
23751
23769
24570
23949
23850
24408
24453
23886
24138
23760
24246
24093
24300
24255
24327
23733
24381
24048
24480
23787
24219
24057
23940
24057
24246
24165
23742
24507
24210
23985
24237
24318
24102
23796
23985
23985
24030
23949
24255
25029
24237
24399
24696
24390
23643
24093
23904
24426
23976
24300
23553
23931
24192
23859
24066
24327
24138
24120
24840
24426
24012
24363
24183
24129
24273
24237
24534
24777
24192
24696
24570
24453
23904
24336
23751
24534
24507
24201
24417
24489
24534
24363
24480
24552
24075
24525
24768
24507
23949
24957
23733
23544
24489
24273
24444
24183
24849
24156
24210
24525
24282
24732
24039
23895
24183
24723
24156
23787
24021
24372
24066
24039
24318
24669
23985
23769
24363
23976
24624
25353
24318
24228
24192
24552
24192
24579
24435
23940
23616
24417
23940
23877
24048
23895
24129
24246
23841
23994
24021
24102
24264
23994
24696
24228
24174
25002
23985
24813
24372
24687
24039
24489
23895
24057
24246
24030
24084
24516
24120
24057
24363
25191
24048
24408
24327
24867
23787
24777
24435
24264
23814
23958
24624
24183
24354
24255
24462
24084
25272
24831
24957
24282
24237
24012
24588
23778
23517
23967
24471
24210
24300
23697
24336
23634
24471
24165
23814
24084
24219
23985
23832
24246
23922
23976
24516
23796
24102
24003
24282
24678
24354
23697
24903
24255
24156
24750
24453
24111
24183
24705
23814
24012
24210
24624
24309
24210
24408
23571
24021
24354
24507
24120
23985
23724
24597
23688
24165
24462
24903
24111
24606
23877
24156
24264
23859
24309
24246
24462
23535
24453
24489
24183
24507
23985
24300
24309
23823
24516
24705
24102
23877
23895
24363
24219
23994
25272
24489
24363
23967
24435
24354
24039
24093
23913
23958
24201
24237
24588
24480
24309
25119
24642
24552
24165
24345
24156
25011
24111
24075
24462
23823
24075
24264
24669
24363
24696
24570
24741
23823
24030
24048
24246
24390
24039
24138
24066
23562
24111
24129
24066
24102
23985
23769
24255
24174
24372
24057
24192
24390
24228
24291
24039
24723
24201
23931
23895
24057
23985
23868
24345
24390
23724
23877
24390
23976
24552
24012
23796
24174
24363
23823
23742
23985
24678
24318
24237
24057
24030
24156
23661
24120
24489
24129
24525
23562
24903
24363
24561
24237
23607
24165
24174
24336
24246
24462
24309
24318
24192
24462
24075
24192
24057
24768
24210
25002
23949
24165
24093
24498
24156
24300
24597
24399
23931
23922
23949
24003
24219
23742
24264
