24732
24957
24669
24417
25362
24372
24183
25191
24462
23940
24615
24804
24975
25821
25128
25398
25857
25839
24624
23904
24921
25605
24633
24264
24291
25434
25047
24804
24804
25920
24624
24372
24327
25344
25083
24795
24102
24525
24012
24516
24399
24795
25065
25110
26019
24840
24840
25632
25425
24831
24147
26118
25911
25146
25281
24588
25686
24948
25209
24021
25335
26181
25704
24777
24768
24012
25605
24876
25236
24606
24966
23913
25164
23886
24579
24165
23931
24417
24786
23625
24003
24147
25497
24273
25263
24930
24480
23391
24354
24057
24426
24408
24822
24048
24255
25218
25749
24489
25479
23931
23643
25785
25209
24381
24327
25254
24831
25164
24237
24021
24840
25056
24597
25740
25146
24489
24210
23868
25551
25542
24363
24480
24327
25488
24660
25353
24750
25965
25146
25758
23751
24795
23913
24588
24282
24354
24498
24750
24246
24345
25236
24237
25308
25110
24813
24435
25812
25569
24678
25272
24228
24399
24714
24183
24192
24696
25452
25938
24237
25074
24039
24912
23886
25353
24849
25110
24921
24417
24822
24984
24876
24372
25497
24570
24030
25497
25362
24003
24822
24165
25659
25614
24831
24174
24696
24606
24948
24282
24732
25254
24327
24462
24417
25029
24435
24678
24948
24714
24606
24264
25191
26217
25128
24678
24984
24318
24120
24165
25866
24543
24309
24705
24147
24372
24696
25209
24579
24264
24651
24228
25497
25110
24984
25470
24399
23616
23805
25758
24030
24534
23895
24705
25614
24282
25263
24228
25074
25209
24498
25443
24777
24408
24741
24822
25362
24498
24426
25371
25650
25155
24516
23967
25353
25452
24165
24282
25452
25317
24579
24111
24111
24327
25893
24237
24894
24264
24354
24156
24237
24354
25173
24669
25290
23796
24480
24291
25497
24093
24237
25353
24606
23958
25758
24138
24615
25821
25452
24075
24615
25155
24651
25542
26082
24723
24759
24264
25389
24219
24732
24876
24327
24426
24516
24660
24075
24966
25245
24993
25299
24741
23895
26514
25479
24444
23868
25254
24300
24174
24138
24012
24363
24300
24966
24579
24651
24228
24624
24921
23814
24291
24165
25470
25362
24642
23976
25083
24768
24948
24588
24399
26064
24282
24381
24921
24390
25011
24714
24327
24903
24876
24219
24660
24066
24552
25236
25479
24156
24777
25623
24399
24876
23850
24246
23823
25011
25803
25038
25848
24822
25038
24183
25389
24273
24543
25488
24822
25506
24120
24228
24255
24687
23886
25083
25074
25416
25605
24993
24498
25128
23967
24354
24939
25137
25011
26118
24426
25875
24255
24516
24723
