24534
24966
24579
24588
24129
23904
24453
24291
24687
24255
23652
24219
24597
24597
23697
24228
24318
24309
24561
23931
24399
25173
24606
24291
24354
23679
24588
24552
25029
24192
24390
24669
24183
26370
24588
24813
24813
26082
24192
25479
24354
24444
25587
25389
25110
24363
24759
24336
24534
23949
24084
24804
23589
24210
23490
23922
23742
24480
23805
24570
24894
24777
24309
24597
23796
24786
24705
24219
24633
25209
24363
24327
25227
23796
24480
24651
23580
25281
24282
23670
24615
23940
24741
24714
25065
23814
23877
25155
24039
24471
24039
24174
24921
24111
24660
24687
24363
24741
24309
23877
24597
24687
24840
24138
26199
23994
24624
24372
24759
24768
24930
24183
24525
23733
24804
23895
24975
24948
24156
24219
24606
24552
24093
24300
24426
24840
25497
24408
24102
24507
24732
23760
23922
24669
23616
24840
25344
24732
24363
24705
24993
23715
24786
25209
24624
23985
25218
24453
23868
24102
24525
26730
24174
24462
24021
25335
23742
24885
23598
25209
24480
23832
25038
23553
24984
26244
24498
24246
25317
24435
24777
23544
24507
23913
23859
24525
25182
23553
24579
24282
25191
25470
24624
24912
25128
23976
23904
24417
24156
24138
24786
24894
24066
25263
24633
25146
24750
24039
24966
24507
23571
24372
24516
23985
24534
24039
24552
24750
24417
24291
25686
23994
24345
24651
24804
24696
23913
24597
26712
24993
25488
24858
24183
23796
26820
24660
23805
25884
24570
24084
23922
25137
25650
24570
25713
24876
24318
24354
24804
25389
24435
23598
24201
24930
24885
24714
24912
24444
24921
24003
25803
24372
24903
24354
25794
23607
25479
24750
26028
25074
23904
24480
24957
24795
24759
24534
24939
24732
24966
25353
24399
25371
23562
24840
24426
24957
24570
25929
23958
24183
24750
24354
25749
24210
24705
24903
24030
24930
24588
25470
24156
25659
24201
24588
24408
24264
24498
25704
24282
25380
23832
26037
24255
24579
24714
23958
24183
23904
23706
24534
25272
24057
24606
24156
24273
24471
23976
24480
24372
24399
24336
23733
25506
23823
24570
24534
24669
24363
23814
24534
24183
23985
25767
24363
24966
24282
25551
24561
23976
25803
24372
24624
24552
25290
25875
25560
23778
23967
24966
24579
24588
25227
24174
24624
24561
24606
23778
24642
24255
24867
24795
24264
24813
24372
23679
25038
25074
25173
23697
25425
24840
23940
24435
25047
24732
25353
24192
24426
24858
26424
24048
25065
24381
25083
25614
26496
24606
24588
24462
23949
24678
23535
24435
24849
23985
23958
24048
24525
23985
24660
