23364
23715
23706
23400
23841
23769
22896
23418
24021
23220
24858
23256
23931
23994
23265
23166
24804
24165
23922
23544
23814
23553
24138
23544
23670
23769
23823
23985
23499
23787
23463
23328
23733
23904
23004
23679
23688
23625
23463
23382
23742
23112
23589
23463
23841
23220
24417
23355
23526
23283
24075
23616
23040
23580
23544
23400
23850
23643
23058
23544
23310
23796
23445
23805
24012
23724
23211
24093
23409
23760
23337
23706
23139
23742
22995
23688
23931
23787
23940
23373
23553
23463
23751
22950
23868
23589
23085
23247
23517
23769
23643
23544
23625
23778
23148
24525
23904
24336
23571
24129
24579
23967
23895
23868
23166
23463
23238
23490
24219
23643
23742
23931
23499
22770
23922
23400
23418
23886
23796
23373
23085
23364
23913
23769
23796
23067
22977
23256
23616
23652
23634
23148
23670
24003
22878
23652
23787
23328
23589
23445
23634
24030
23355
23877
24165
23733
23220
23220
23544
23778
23670
23481
23940
23652
23616
23922
23265
23625
23796
23787
23643
23166
23688
23751
23409
23355
24552
23490
23184
23742
23265
23211
23427
23400
23841
23787
23697
23823
23346
24030
23742
23274
23589
23283
24336
23490
23913
23571
23877
24039
23193
24255
23706
24174
23823
23715
23148
23463
23355
23778
23931
23742
23139
24255
23814
22959
23211
23571
23256
23481
23778
23499
23139
23859
23814
23391
23688
23562
23724
23049
23733
23670
23634
23868
23607
23346
23274
23454
24192
23193
23661
23571
23562
24057
23958
23076
23382
23688
23634
23436
23625
23301
23823
23697
23805
23598
23787
23346
23247
23688
24048
23418
23526
23346
23256
23310
23634
22824
23445
23454
23058
23850
23454
23778
23652
23706
23373
23724
23616
23742
23688
23733
23346
23832
23112
23355
23328
23895
23661
23400
23310
23319
23670
23778
23526
23598
23940
23841
23481
24111
23319
23859
23994
23346
23850
23652
23274
23562
23850
23418
24183
23598
23508
23994
23391
23859
23022
23562
23121
23769
23220
23229
23364
23724
24138
23877
23031
24327
23625
24111
23733
23688
23841
23472
23841
24471
23823
23787
23490
23616
23526
23616
23607
23301
23418
23553
23904
23184
23013
23769
23589
23805
23868
24606
23400
23445
23373
23355
23337
23580
24165
23670
23175
23562
23373
23166
23229
23697
23535
23796
23472
24129
23607
24093
23643
23868
24282
23670
23436
23499
23193
23238
23400
23913
23463
23130
23670
23643
23067
23886
23643
23706
23850
23895
23904
23265
23634
23670
23769
23751
23931
23418
24165
23346
23769
23904
24561
23841
22950
23625
