24291
23976
23688
23409
23463
23922
23958
23553
24534
24255
23526
23427
23850
23328
23832
23814
23499
23958
24678
23508
24957
23985
23949
23517
24723
23661
23517
23652
23823
24507
23949
23751
23967
23661
24246
24327
23445
24489
23607
24012
23571
24003
23895
24354
23787
24003
24138
24669
23472
23751
23508
23931
24579
24093
23580
23751
23265
23346
23958
24102
23814
23949
24435
24129
24066
23994
23976
23715
23724
23850
23742
23913
24093
23850
24390
24228
23481
24102
24039
23814
24138
23697
24534
23616
23679
23922
24057
24102
24192
23850
23508
23922
23913
23598
23409
23931
24327
24597
24129
23157
23616
24300
24282
23733
23922
23958
23589
23868
24048
23841
24039
23679
24390
23760
23805
23598
24219
24084
24030
23940
23427
24057
23769
24579
23958
23445
23004
23967
23715
23913
23976
22878
23445
23544
23886
23355
23490
24750
24093
24219
24372
24624
24030
23940
24093
23814
23661
24534
23661
23868
23733
23535
23040
23535
23382
24003
23688
24156
24552
24102
23958
23877
24696
24066
23229
23877
23643
23814
24165
24399
23724
23427
24246
23805
23580
23274
23850
23715
24534
23409
24030
23913
23733
24624
23526
24219
24219
24489
24012
23697
24219
23661
24147
23157
23895
23661
23733
23652
23733
23949
23904
23562
23535
23526
23337
24093
23508
24795
23922
23949
24012
24255
23913
23697
23832
24606
23895
23625
23679
23796
24039
24102
24633
23742
23913
24462
24012
24444
23994
23634
24309
23922
23751
24336
23508
23607
23697
24039
24273
23355
24093
23769
24480
24318
24246
23265
24030
23832
23508
23832
24489
23733
23310
23472
24552
24786
24516
23778
24156
23796
24327
23967
24111
23544
23283
23805
24462
23076
24426
24129
24381
23733
24552
24453
23121
24084
23958
23751
24138
23247
23544
23877
23904
24480
24093
23922
23580
23913
23760
23400
24192
24435
23589
23490
23814
23535
24336
23886
23508
23814
23868
23634
23967
24147
23931
23841
23841
23751
23913
24039
23940
23598
23427
24264
23769
23652
24174
23913
24102
23922
23526
24489
24408
23409
24066
23769
24192
23949
24165
23877
23886
23976
23751
23661
24093
23670
23904
24030
23805
23778
23778
24813
23346
23634
23319
24129
24408
23598
24003
24165
23769
23616
24363
23697
24309
23976
23472
23859
23562
23157
23913
23814
23427
23634
23481
25020
23769
23697
23553
23778
23553
23517
24642
23598
24093
23625
24687
23418
24075
23508
23310
23517
24048
23841
23625
23940
23787
23841
23805
23220
24516
23490
23922
23904
23832
23274
24048
23886
23706
24138
