23562
23769
23958
24156
23580
23706
24003
24264
23634
24444
23787
23814
24129
24345
24552
23985
23913
23976
23778
24012
24480
24507
23886
24129
23796
23913
24084
24489
23517
23526
23535
23670
23832
25290
24057
24471
23301
24381
24237
24390
25668
24291
23499
24003
23787
23328
23859
23571
23850
24570
24678
24030
24273
23796
23742
23787
24570
23337
23958
23967
24453
23715
23805
23436
23517
24687
23949
24615
23742
23760
23589
24165
24057
23679
24372
24372
23247
23985
23940
24264
24057
23967
24849
23751
24705
24183
24048
23841
23850
23778
24030
23967
24066
24813
23760
23382
23364
23643
23355
23850
24462
23166
23904
24426
23616
22977
24210
24039
24021
23535
24372
24399
23589
23913
23418
24642
23922
23922
24399
23985
24417
24183
24048
23724
24489
23652
23940
23499
23580
24318
24147
23616
23841
24147
23625
24948
24453
23967
23769
23373
24741
24093
24444
23895
24561
24687
23859
24102
23463
23409
23850
23841
23679
24174
24066
23301
24147
23985
23949
23859
23733
24507
24489
24300
23688
23967
24084
24156
24192
24246
24282
24363
23805
23427
23517
23796
23913
23400
23958
23823
23580
23328
23940
23697
24075
23760
23895
25164
24183
23706
24021
24138
23562
24021
23634
23877
23544
23796
23544
23742
24057
24867
23751
24147
24255
24057
23850
24021
23796
23508
23670
24246
24318
23985
23598
23238
23832
24552
24651
24381
23463
23634
24048
24237
24210
24264
23787
23769
24273
23688
23895
24327
24849
24309
23859
25083
24273
24570
24228
24138
23634
23382
24219
24327
23526
24012
23715
23850
24147
23994
24372
24129
24723
24786
23805
23517
24102
23904
23823
23994
23454
23562
23634
25065
24030
24957
24228
23805
23769
24417
24417
24408
24183
23895
23733
24480
24165
24363
23769
24030
24147
23184
24210
23490
24822
23967
24102
24975
23805
23580
23895
23634
24579
24399
23121
23733
23886
24768
23346
24624
23706
23535
23760
24921
23328
23742
24363
23949
23796
24183
25119
24165
23994
24219
24210
23742
24399
24327
24363
24516
23634
23769
24840
24129
24282
24363
23922
23697
23607
24300
24012
24129
23778
24030
23175
23634
24102
23931
23724
23661
24201
24939
23886
24282
23949
23886
23499
23616
23697
23994
24795
23805
24309
23976
24264
24309
23823
23481
24012
24633
24615
23445
23562
24849
23913
24183
24768
24075
23400
23670
24597
23508
23787
24390
23967
23463
23661
25092
24210
24030
23787
23373
24417
24048
24273
24084
24498
23949
24246
24183
23409
24282
23967
23742
24552
24300
23895
24570
23931
23877
