23373
23184
23265
23004
23787
23886
22851
23283
23076
23211
23832
23229
23976
23265
23328
22968
23814
23310
23391
23013
23508
22905
23715
23310
22779
23139
23184
23220
23445
22842
22698
23436
23418
22644
23202
22932
23148
23589
23202
23139
23013
24183
23382
24003
23265
23112
22950
23067
23211
23112
23211
23427
23049
23589
23670
24021
23373
23256
23103
23211
22770
22977
23886
23706
23445
22959
23598
24102
23895
23103
23778
23130
23013
23508
23607
23256
23220
23544
22950
23355
23733
23562
22932
22824
23373
23238
23436
22950
23247
23346
23040
23112
23112
23103
23490
23706
23274
23148
23391
22752
