23670
23634
23742
23355
23670
24192
23544
23967
23643
23490
23787
23724
23958
23499
24687
23940
23931
23274
23265
23544
24201
23535
23661
23913
23256
24183
23805
23346
23733
23274
23589
23553
23607
23931
23517
23859
24534
23787
24435
23661
24111
23202
23958
23697
24111
23310
23445
23544
23463
23427
23733
23481
24255
23175
23229
23814
23904
24318
24102
24147
23499
23247
23472
23832
24093
23805
23697
23463
23607
23796
23859
23517
23679
23490
23778
23967
23481
23769
24516
23634
23841
23832
23922
24372
23670
23589
23823
23895
24786
24003
23922
23598
23958
23643
23823
24147
23787
23751
23553
23832
