23922
24750
24174
23787
23877
24615
23922
23841
24408
24696
24219
24597
24174
23670
24723
24057
24498
23643
24741
24435
23976
24183
23805
24597
24489
24282
24048
23922
24552
24309
23841
24291
23796
23958
23670
23940
24318
23760
23796
24255
24237
23940
23769
24246
24525
23832
24174
24192
23904
24723
25011
23526
23967
23904
24606
24480
23769
24804
24372
24462
24381
23814
24525
23949
23859
23742
23904
24813
23841
24183
24543
24867
23760
23814
24120
23985
24093
23634
23985
24462
23994
23661
24516
24075
24066
23886
24543
23958
24120
24345
24444
24030
24282
24471
24174
23733
24246
24156
24156
24426
