23454
23031
23400
23265
23319
23274
23283
23427
23022
23265
23220
22851
23121
22923
22563
23013
23022
23148
23157
23031
22977
23229
22959
23823
23274
23229
22653
22635
22941
22869
23202
23427
23463
23391
23112
22842
22878
23589
23220
22707
23193
22977
23274
23499
23166
23580
23094
22878
22950
22644
22860
23121
23463
22941
22923
23184
23238
23121
23058
23373
22932
22986
23481
22896
23526
22698
22860
23436
23418
22968
23544
22788
23067
23094
23346
22896
23445
23706
23652
23211
23175
23535
23562
23085
23868
22842
23283
23121
23274
22716
23067
23256
23688
23193
22869
23463
23274
23976
23085
23121
