23625
23220
24174
22680
24057
23472
23616
23625
23445
22725
23211
23400
23859
23751
23985
23958
23058
23769
24489
23040
23373
23112
24696
24210
23931
24039
23004
24426
23733
24003
23391
22950
23697
23697
22833
23175
24048
23184
24093
24318
23364
23409
23112
23256
23427
23445
23886
23796
24039
23778
24552
24084
24192
23256
22959
23229
23589
24093
24336
22824
23202
23238
23670
24021
23094
23436
22986
23076
22995
23643
23571
24273
23157
23499
23580
23400
24327
23364
24084
23850
24516
23058
22779
24039
24570
24111
24066
23355
23049
23976
24048
24552
23805
23751
24210
23535
24039
23823
23931
23994
