23445
22788
23904
23526
23895
23058
23544
23994
23634
23544
23427
23292
23778
24174
23517
23445
23814
23571
23949
23238
23517
23409
23994
23886
23994
23454
23265
23778
23985
24228
23067
23832
23400
23814
22959
22842
23823
23328
23598
23679
23328
23688
22986
22833
23841
23436
23751
23616
23499
22950
23904
23490
23949
23112
23040
23265
23274
23904
23697
23868
23940
23202
23319
23049
23697
23922
23436
23589
22995
23202
23751
23436
23787
23643
23346
24111
23571
23760
23175
23598
23580
23634
23418
23076
23904
23841
24228
23283
23391
23877
23562
23310
23544
23535
23328
23382
23706
23004
24003
22932
