23364
23706
23436
23598
23778
23688
23418
24183
23949
23823
23769
23355
23616
22797
22725
23373
23346
23373
23418
23490
23616
23373
22914
23409
23139
23436
23481
23085
23679
22878
23292
23409
23580
23301
22707
22941
23283
22914
23301
22824
23913
23562
23805
23121
24246
23778
23427
23364
23463
23184
23589
23850
23310
23607
24291
23922
23517
24021
23355
22959
22950
23490
23589
23040
23454
23580
23220
23148
23022
23445
23265
23499
23229
23526
22842
23607
23220
23175
23139
23616
23616
23058
23202
22860
23535
23346
23886
23787
23355
23634
23346
23364
22914
23067
23931
23121
23094
23706
23553
23310
