24354
23733
23985
24363
24237
24237
24669
24255
24066
24246
23688
25695
24300
23877
23886
24201
24498
24597
24399
24372
24399
24066
24120
24174
26361
23823
24102
23778
23841
24336
25632
26172
25866
23769
25281
24129
23760
24264
23589
23643
23778
23760
24678
23922
25704
24066
23778
23886
24120
24291
24318
24111
23940
24309
26271
24435
24156
23949
24282
24165
23733
24354
24237
23652
23832
24255
23904
24201
25182
25650
24444
23688
24507
25857
24318
23778
23778
25254
24354
23796
24399
23742
24561
24579
24489
24084
24201
24237
23769
26820
23931
25704
24579
25866
24273
24408
24165
24354
25191
24057
