23211
23949
23868
25263
24390
24381
23787
25020
23958
23679
24444
23688
24795
24210
24912
23913
23796
23913
24156
23886
24552
24084
23958
24453
23778
23949
24039
23877
24237
24057
24597
24183
25227
23994
24219
23913
23706
24525
23661
23490
23940
24570
24660
23850
24201
24372
24552
23760
24723
23571
24057
23490
24282
24480
24894
23346
24534
23850
23760
23841
23949
23553
23733
23751
23976
24435
24678
24273
23688
24039
23688
24444
24642
24291
23346
23625
23976
23490
24678
24237
23760
24435
24138
23670
23931
25083
23841
23652
24138
23643
24264
23544
23841
23373
24381
24453
23967
23877
23823
24489
