23949
24390
25119
24678
24993
22743
23562
23607
24471
24741
23526
23472
23859
24480
24336
23085
23400
23715
23436
23247
23733
24039
23625
23769
23229
24984
23517
23310
23805
24156
23499
23850
23886
23499
23724
24327
24318
23805
25020
24156
23526
24057
22932
22869
24732
23427
23274
23922
24570
24129
23319
24156
24444
23058
23166
23481
22878
23274
23832
23265
23409
24435
23445
24507
23553
23166
23400
23796
25029
23814
23661
23445
23463
22932
23598
23427
24570
23922
23823
24507
23076
24336
24984
23436
23814
23157
23823
23625
23130
23148
23733
23652
24597
24156
25722
23652
25029
23553
23679
23121
