23355
23778
24660
23544
24012
23796
23877
23328
24246
23796
23022
24102
23616
23184
23211
24273
24561
24210
23841
23958
23670
24039
24498
23454
24696
23652
23724
23112
23580
23904
23976
23508
23643
24255
23553
22662
23670
24282
23211
23922
23598
24381
23391
24246
23778
23652
23913
24543
24318
23382
24768
24201
23373
23922
23148
23472
23013
23778
23742
24084
23247
23445
23067
24327
23670
23400
24219
24183
23445
24039
23319
24732
23373
24075
23202
23337
23904
23688
23796
24003
23958
23724
24462
23427
23409
23805
23328
23130
23607
23976
23400
23769
23481
24183
23841
24183
23274
24489
24426
24723
