23544
24516
24219
24318
25713
23382
23247
22734
24975
23256
25110
24489
25650
23913
24102
23724
23760
23652
22878
23589
23193
24084
24309
23949
24669
23733
23607
24156
24489
23634
24570
23922
24093
24705
24165
23598
23355
24120
24318
24867
24291
23337
23769
23814
24264
23265
23904
24948
22905
23499
23697
25164
23157
22905
24534
24552
23166
25155
23841
24570
24732
23589
24363
24147
23472
24291
23445
24606
24921
24372
24102
24192
23886
23337
25065
23454
24696
24138
23445
24606
23868
23796
23823
25029
24813
24642
26028
23751
23463
23976
23274
25065
24093
24066
23769
23184
24237
24264
24867
23256
