23445
23823
23391
23742
23616
23751
23688
23364
23184
24093
23445
23445
23427
23391
23715
23796
23913
23769
23625
24183
22995
23202
23589
23373
23130
23895
23472
23769
23706
24165
23904
23634
23220
23463
23202
23886
23805
25407
23364
24048
23445
24309
23544
23706
23751
24309
24219
24093
23616
24165
24138
23634
24327
23679
24327
23553
23508
24255
22959
23040
23796
23625
23697
23301
23274
23670
23697
23490
23841
23535
23553
23724
23454
23976
24606
23364
23499
24363
23382
23823
23832
24768
24147
24426
23211
24417
24165
23418
23976
23418
23391
23706
23688
23508
23634
23904
23850
23499
23409
23292
