23724
24030
24174
24525
24012
24003
23643
23328
23679
23985
24669
24192
23985
24336
24093
24147
23931
23877
23751
23940
23940
24426
23688
23895
23868
24363
24210
24471
23670
23913
23742
23886
23652
23940
23904
23841
23922
24156
23715
23751
23706
23904
24102
23877
23922
23634
24228
23472
23751
24480
23958
23967
23742
24165
23787
24093
23670
23589
23562
24282
23688
24201
23472
23832
23643
23778
23895
24057
23697
24399
24039
24480
23976
23598
24012
23868
24300
23877
23733
23868
23769
23877
24030
24093
24174
23868
24264
24111
24165
24444
23859
24597
23634
23544
23598
23895
24030
24120
24147
24228
