25704
23193
25659
25641
24300
24282
25560
23652
25020
25623
25893
25182
25560
25497
24624
24687
23976
24849
25164
24759
24804
24138
24714
25605
25056
25578
24237
25524
24246
24390
25245
24822
24075
24273
24228
24012
23895
24426
24498
25398
25011
23958
24633
26019
24300
25425
25497
25317
25191
23976
25983
24570
24507
24552
24507
24570
24489
24642
25011
24318
23913
25776
25092
25461
24102
25101
24327
24291
24768
24174
24156
24858
24048
24282
25920
24435
25533
23859
24885
24147
25371
24039
24219
24048
24237
24138
25794
25191
24066
25731
23391
24732
24057
24498
24309
25290
25308
23913
24390
23895
