24444
23823
23742
24642
24363
23463
23715
24300
24651
24417
24678
24588
24201
23805
25011
24723
23841
24138
24219
24354
23310
24471
24705
24327
24138
24894
24228
24435
24327
24120
24867
25740
24498
23850
23742
23832
24291
24210
24129
23877
24192
23904
24237
24741
24759
24291
25506
24768
23625
24183
23994
23760
24120
24111
23841
23931
24768
23571
23346
24210
23796
24489
24633
23508
24525
25092
23778
24012
24615
23841
23400
23796
24120
24363
24039
24534
23751
24156
24561
23616
23994
24408
24903
24615
24138
24741
23481
24165
24084
24210
24246
23535
24732
23625
24516
24273
23877
24966
24579
24039
