23985
23571
23895
23679
23364
23967
25227
24876
23382
23769
23517
25254
24849
23193
23931
24534
23607
24363
25245
23481
24615
24192
23400
23940
24732
23607
24804
23868
25515
23328
24885
23607
23508
26073
23211
24363
23436
24633
24165
23625
24048
23859
25128
23850
23193
23967
23481
22806
23013
24210
23571
23931
23922
25236
23121
24210
24408
24939
26388
24516
23877
23364
24714
25560
23832
24282
23958
23760
24849
24111
23364
24039
24552
24255
23850
25623
23544
24021
23103
24003
24354
23643
23616
24462
23562
25407
24318
25083
25596
25344
23706
24210
23508
24867
24570
23472
24579
23580
23373
24381
