24588
23508
24363
24147
24210
24336
24165
23121
24975
25209
23220
24138
23877
23760
24372
25551
24408
25011
22743
24840
24264
24714
24525
25173
24174
24399
24741
23139
23643
24435
24741
24453
23121
24048
25236
26019
24237
24147
25254
24831
23085
23814
24300
23733
23976
24282
24093
23904
24750
25299
24066
23958
23688
23661
24651
23913
22887
24588
25668
24732
23760
24255
23373
24003
23886
25326
22986
23931
24876
24426
24570
25722
23985
24525
23868
23481
23679
24156
24120
24813
24381
25371
23553
23508
23508
23193
24372
24237
23940
25146
23796
24822
23094
23697
23085
24003
24750
23418
24201
24426
