24453
24111
24606
24939
23778
24471
24030
24012
25758
23976
23499
24561
23814
24750
23985
24192
24669
25920
24264
23589
24174
25569
23724
25317
23769
25524
25812
23481
23805
25785
25542
23976
24687
23571
24138
24435
23778
26001
24597
24759
24993
23769
24579
25992
23850
25785
24039
25695
25209
24660
25290
23724
25218
25200
24750
24516
25461
24201
24993
23715
25668
23616
24246
24588
24300
23472
23544
23688
23724
23373
25488
24381
24525
23274
25542
25497
23067
23634
25281
23229
25425
24282
24129
25452
25335
24849
24030
23373
24183
24966
24255
24255
24984
24651
25704
25875
24210
24831
24507
24183
