23535
24903
24237
24336
24444
25740
23904
25065
23472
24453
25164
24930
24660
24138
24741
25182
23346
24372
25335
25758
24642
25479
25011
23922
24255
25929
25128
23391
23742
24210
24606
24930
24831
24255
25281
24165
24435
24246
25758
25110
23112
24813
23994
24588
25830
23436
24687
25605
24462
23949
24885
24120
24021
24165
23400
24507
25164
24642
24840
23598
25200
24813
24516
24498
25461
25614
24975
25839
24912
24066
23742
25209
24102
24273
25029
24336
24012
25614
23922
25497
23814
24408
24399
24363
24606
24453
23742
25578
24075
25812
25200
24498
25182
23634
24219
24831
24669
24183
25020
24642
