23157
23778
23238
24111
24282
23706
24156
23490
24687
23670
23283
23094
23463
23526
23670
23274
24048
23733
23256
24021
23337
23292
23778
23085
24588
23355
23868
24183
23310
23229
23904
23211
23598
24300
24147
23787
24057
23382
23985
24066
23967
23625
23463
24462
24597
23670
23877
24336
23553
22815
23616
23967
23571
23742
23238
23976
23067
23643
23103
23688
23454
23625
23904
23580
23283
23463
23859
24408
23571
23400
22788
23436
23841
24480
23346
23868
23490
23058
23382
23391
23670
24750
24246
23796
23922
23022
24462
24012
23364
23157
23877
23337
23391
23247
24156
23382
23004
23508
23076
23508
23517
23724
24003
23355
23436
23499
23580
24273
23355
24156
23796
23256
22887
23382
23760
23427
23400
23211
23436
23724
23184
23049
23877
23634
23184
23625
23427
23508
24129
23310
23292
24012
23706
23463
23598
23436
23328
24048
23796
23490
23643
23103
24156
24471
23220
23733
23868
23346
23805
23580
24237
23463
23688
23517
23553
23868
23895
23733
23805
23607
23787
23112
24102
23004
24183
23616
23364
23922
23229
23148
23967
23112
22896
23706
23805
23922
23985
23994
23805
23886
23742
24345
24147
25101
24210
23085
23841
23238
23220
22887
23517
23526
24300
23670
23418
23922
23607
23715
23463
23400
23895
23724
23778
23796
23355
23328
23157
22698
24624
24534
23364
23841
23670
23058
23805
22932
23067
23319
23922
23400
23193
23391
23400
23346
24183
23985
23454
24264
22833
23589
23634
23544
23328
23211
23247
23400
24057
23517
23436
24264
24399
23994
24516
22932
23472
23472
24129
22950
24093
23193
23778
23778
23841
24102
23274
24111
23535
23409
23436
23328
22806
22941
23472
23733
23346
23580
23346
23652
24057
23535
22734
23733
23274
23625
23193
24372
23229
23202
23706
22905
24093
23670
23661
23355
23598
23751
24138
23535
23184
23850
23859
23616
23715
23499
23256
23850
23283
23877
23661
24597
23778
23310
23895
23769
24012
25119
23436
23112
23274
24237
23706
24066
23292
23562
23796
23508
23013
24399
23832
23553
23742
25038
24066
23265
23571
23193
23877
23580
23418
22878
23229
23499
23805
23184
23679
23841
23607
24057
23985
23634
24471
23904
24039
22986
24111
23355
23940
24237
23436
23553
23238
24246
23868
23400
22905
23670
24075
24093
23337
23508
23652
23373
23544
23823
25236
22851
24102
23013
23049
23796
24138
23355
22851
23733
23112
23382
24894
23418
23202
23481
23022
23877
22950
23715
23274
24354
23391
24066
23463
23760
22896
23184
23022
23967
24255
23688
23616
23850
23931
23103
