24705
24489
24102
23787
23832
23868
24462
23544
23733
24642
24129
24039
25209
23634
24642
24660
24372
23895
25101
24507
24993
24399
23922
23886
24534
24525
24048
23832
24390
24246
24426
23805
24030
23850
23904
24354
24120
24273
24075
23985
23832
24084
24858
24309
24183
24786
24309
25065
23967
24237
24120
24507
23373
23229
23904
24381
24183
23715
23895
24309
23733
23517
24318
23706
24480
24435
23877
23553
24552
24381
23571
24606
24111
23760
24309
24552
24156
23463
24354
23949
24534
23877
24156
24399
24597
24381
25236
25668
23652
24570
24318
23958
24120
24480
24021
24615
24093
25767
24138
24156
24651
24219
23598
24012
24687
24966
24516
24417
24066
23580
24687
23742
24426
23742
24804
24516
24084
23922
24876
23787
24831
24615
24165
23778
24084
24273
24876
23418
25299
24012
24561
24147
24237
23355
24183
24156
24471
25056
23499
23724
23715
23976
23481
24570
23904
23922
23877
23841
24138
24012
23454
24129
23931
24039
24084
23769
24264
23922
23769
24318
24516
24597
24354
25155
24003
24849
24066
24030
24426
23922
24399
24246
24363
24282
23400
24282
24579
23697
24624
24300
23607
24543
23850
24219
24165
23922
23868
23859
24030
23742
23841
24075
23166
24210
23310
24129
23724
23697
24480
24291
24237
23526
23940
24786
24174
23868
23715
23949
24291
24048
24066
25137
24102
24660
23778
24102
24174
24795
24039
23049
23922
24615
23724
24822
24714
23715
24183
24120
24183
24264
24075
24039
23535
24030
23922
24885
24282
23544
24228
23814
23949
24030
24327
23688
23940
24093
23940
24237
24372
23706
25038
23679
23544
24264
24336
24363
24786
24534
24102
24237
24039
23652
24408
24210
24156
24363
24606
24462
23400
25263
24327
24012
24327
23805
24201
24192
24948
25029
23391
24075
23904
23958
23625
24660
24174
25083
24075
24156
23985
23994
24390
24813
24021
24813
23472
24273
23814
24327
24057
23841
24066
24030
24633
23940
23571
24606
23841
24219
24543
23850
24615
24363
24165
24642
23355
24246
24345
23868
23841
24453
24408
23157
24210
23616
23733
23913
24327
24111
24228
23490
24066
24219
24939
23868
23886
24840
24480
24165
24138
24327
24003
24489
23931
24444
24300
24624
23868
24264
23841
24111
24273
24327
24156
23895
23571
23994
23931
23886
24669
23787
23436
24255
24921
24210
23877
23643
23553
24111
24705
23661
23445
24129
24597
25146
23661
24759
24543
24048
24669
24435
23787
24939
24255
24138
25506
24039
24561
24210
24057
23949
24255
24525
23940
24300
24831
24462
24183
24282
23877
24435
