23976
24048
24345
24777
24228
23904
24309
24174
23967
24480
23697
23958
24588
24192
24192
23715
23949
24273
24282
24426
24561
24066
23283
23949
23643
23427
24012
24786
24525
24174
24543
23967
24309
24129
24129
24408
24417
24075
24390
23778
24264
24372
24255
23805
23985
23715
23679
24057
24192
24363
24507
23769
23832
23904
23652
24471
24093
23976
24759
24237
23760
24399
24426
24255
23769
23859
23733
24507
23598
23634
24057
24057
24381
24039
24237
23949
25029
24381
23886
24255
23490
24417
24282
23859
24453
24039
23967
24777
24588
23868
24570
23877
24021
23715
24606
24480
24003
23598
24084
24201
23931
23571
24615
23832
24120
24255
24192
24282
24093
25065
24111
24300
24390
24552
23796
24336
24111
24489
24156
24678
24075
24651
25020
23571
24660
24642
24354
24219
24030
24498
24120
24597
24804
24975
24453
23724
24138
23931
23553
24300
24021
24264
23661
23841
23679
24309
24192
24201
23805
24444
24291
24471
24471
24075
24075
24219
24165
24480
23679
24156
23751
23967
24462
24138
24426
24066
24687
24489
24399
23940
24228
23760
23976
23661
24741
24570
24165
24084
23697
23940
24174
23868
24768
24903
23868
24309
24156
24210
24489
23751
24255
23742
23886
24669
24201
23958
23940
24552
24876
23733
23724
24507
24147
24687
24525
23742
23895
24273
23715
24237
24372
24768
24228
24390
24201
23724
24309
23940
24390
24210
25398
24210
23607
23985
24192
24444
24264
23706
24201
23814
24831
24507
23922
24057
24417
24192
24057
23823
24597
24786
23985
23841
24021
23904
24372
24030
24642
24795
24237
24075
24300
23850
24210
24471
24489
24003
23436
24039
23688
24138
24183
24507
24903
25191
24174
24057
24201
23922
23688
24021
24264
24255
24039
24525
24444
23616
23562
24390
24093
24372
24210
23886
24300
23949
23562
24102
23967
24462
24057
23913
24579
24372
23886
24372
24651
24066
24120
23985
24597
23445
24426
24084
24075
24273
25146
23868
23868
24354
23859
24156
24003
23913
24309
24588
24210
23958
24615
23724
24480
24048
23994
23742
23769
23886
24336
24804
24354
24201
23994
24273
24066
24201
23679
24210
24822
24129
25101
24633
24777
23985
24489
24129
24201
24264
24156
23994
23517
24867
24183
23922
24093
24201
23967
23976
23994
24327
23562
24768
23589
24075
24678
23895
23940
24210
24651
24966
23760
24039
25056
25110
24372
24642
24075
24147
23634
24120
23949
23859
24084
23958
24111
24210
24039
24345
24570
23832
24003
23724
24057
24966
23949
24120
24534
23328
24201
23868
23472
24102
23841
24165
