23796
24111
24507
24093
23778
24354
23949
24174
24183
23985
23760
24111
24129
24264
23742
25119
24372
24237
23742
24003
24183
24408
23796
25200
23670
25767
24615
24111
24660
23733
24471
25407
24525
25335
25164
24264
23778
23760
25686
23940
24633
25875
25101
23733
23715
23922
24597
23931
24255
23706
24264
23805
24273
23814
24606
23967
24003
24318
24219
24471
24066
24192
23895
23922
23625
24246
23922
24300
24597
23760
25353
24399
24219
24273
23868
23796
23778
24318
23994
24318
24300
24318
24201
23994
24741
24111
24084
24615
24066
24336
23607
23949
24525
24264
24192
24372
24372
24210
24246
23724
24723
23814
26172
23778
23922
25074
23760
24426
24435
24525
23652
25290
23652
24381
24606
24633
24030
24570
24138
25263
24696
24507
24372
25344
25659
23652
23778
24246
24183
24372
24435
25461
24255
24912
24777
23868
23616
23796
24219
24165
24165
24381
25776
24579
24264
24264
23814
24327
23832
24345
23760
25209
24525
24408
23625
23922
24219
24354
24264
23688
24093
24156
24147
23796
23832
24057
23733
23958
23904
23760
24021
24372
23967
23643
23796
24246
24408
24309
24003
24372
23751
24201
24111
24336
24354
23787
23814
24615
24219
23805
23796
23859
23886
24228
24471
25128
23832
24363
24381
24183
24525
24345
25191
25605
25110
23760
24129
23850
23814
24129
24561
23760
23967
23616
24075
26703
24300
23886
24318
23679
23877
24579
24525
24714
24219
24111
26460
24642
24165
24264
23751
23967
25254
24111
24840
25110
24093
24237
23832
24318
24318
23949
23742
24489
24327
24957
24480
23958
23751
23706
24525
23760
23760
24282
25830
23778
24066
25551
24840
23796
25227
24237
24561
23778
24174
24255
25659
24543
23814
24525
24381
23706
24273
24174
24489
23760
24219
24282
23769
24939
23733
24489
24219
24219
23904
24228
24399
24120
24165
24930
24039
23625
23760
24237
24219
24201
24345
23949
24336
24246
24318
24084
23940
24201
24228
23760
24354
23859
25416
23958
23742
25263
24111
24354
24138
23814
24372
23724
24408
24246
24273
24327
23742
23958
24561
24102
24390
24210
24381
25245
25362
24336
24561
23850
23868
24300
24219
23715
23832
24435
23796
25758
23796
24426
24381
24381
23850
24075
23976
23778
23814
25227
23832
24354
23949
24678
23904
24282
25344
23814
24057
23733
23742
24201
24219
24327
23985
24579
23796
24336
24291
23778
25389
23697
24093
24219
24579
24804
24714
24237
24282
24471
24381
24579
24084
24237
24129
23976
24579
24327
24273
24174
24237
24408
24291
23724
24345
25038
24354
23769
