23922
24318
24444
23679
23679
24138
24507
23733
24057
23931
24102
23868
23949
24849
24021
22959
24552
25272
24327
23661
25407
24372
24156
24255
24282
23751
23985
23643
24057
23823
23328
24642
24147
24750
24075
23787
23760
24318
24264
24066
24696
23535
24660
24588
24768
24237
24462
24129
24471
24255
23157
24795
23913
23715
23742
24687
23580
24156
24408
24030
24111
24489
23607
24183
24525
23526
23679
23409
23904
23418
24417
23904
23778
23436
24462
24102
24444
23598
24300
23949
24039
24489
24183
23193
23184
24075
23967
23580
23949
24174
23859
25011
24012
24138
23922
24138
24138
23562
23868
23346
24228
24444
24156
24975
24696
24426
23967
23814
24075
24192
24354
24165
24471
24039
24084
23931
24327
24327
23805
24687
23319
23976
24219
24516
24363
24480
24048
24111
24129
24021
23805
23868
24840
24525
25137
24012
24012
24210
24309
24318
23913
24156
23904
24894
25128
23868
24165
23598
24408
24624
23733
24714
23562
24048
24111
23319
23661
23778
24480
24021
24804
24345
24174
23904
24453
24291
24489
24318
24210
25110
24111
23652
24642
24561
24066
24858
24192
23607
24849
23427
24579
23508
23931
23202
24282
23634
24246
24507
24273
24273
25227
23886
24471
23562
23823
23742
24885
24147
23868
24606
23508
23535
24624
24336
23940
23688
23787
24093
23643
24354
23760
23472
24642
23148
23949
23220
24048
23913
23589
24345
24075
23670
24147
23967
24192
23715
23607
23724
23499
23886
23652
23454
23949
23544
23580
24237
25290
24381
23922
24192
23877
24021
24534
23778
23922
23634
24426
25254
24750
23670
24309
24120
24012
23589
23967
23832
23544
24642
23634
23553
23490
23994
23697
23193
24201
24939
24435
23526
23886
23787
23922
24336
24282
23544
24057
24372
25326
23742
23787
24057
23553
23364
24147
24075
24750
24147
23598
23706
24624
24399
23904
23634
25335
23850
23652
23274
24399
24948
24309
24444
24588
25056
24561
24084
24345
23841
23670
24759
24156
24174
24534
23634
23535
24318
24588
23949
23742
24786
24120
23526
25182
23508
23778
23949
24291
23868
24138
23346
23517
24030
22923
23625
23931
24192
23652
23508
24849
24300
25020
23967
23697
23454
23715
24255
25164
23535
24138
23832
23940
23841
24138
24849
23544
24246
23967
23814
24570
24300
24192
23751
23823
23427
23733
24498
23670
23814
24462
24426
23931
23886
23886
24732
24012
23463
24264
24723
24336
24624
23697
24165
23796
24786
24354
23922
24273
24363
23724
23472
24057
23391
23670
24453
23868
23328
24525
23958
24435
24849
24120
24228
