23652
23616
23904
23976
23193
23166
23913
22860
24093
23103
23337
22923
23202
23463
23355
23391
24048
23724
23139
23661
23193
23400
23958
23913
23733
23472
23598
23643
22905
23526
23607
23292
24201
23571
24066
23859
23751
23913
24165
23247
23112
23652
23679
23985
23211
24003
23976
23832
23508
23796
23346
24336
23544
24372
24039
24291
23553
24246
23652
24570
23661
23607
23418
23463
23355
23868
23274
23994
23679
24111
23886
23400
23895
23814
23418
24588
23598
24039
24084
23400
23958
23661
24336
23706
23382
24111
23436
23625
24723
23589
23490
22572
23184
24336
23589
23229
23733
23553
23913
23679
23904
23949
23868
23643
24804
23292
23283
23301
23751
23877
24021
23877
24390
23850
23409
23526
23517
23148
23850
23004
23337
23832
23175
23661
23418
23733
23526
23742
23220
24021
23607
23454
23364
23733
24129
23778
24120
23436
24066
23868
23238
24552
23751
24048
23481
23958
23760
23598
23535
23427
23292
23562
23625
23913
23175
24237
23535
24210
23472
23166
23751
24201
23796
23877
23319
23409
23598
24102
23589
23553
23508
23247
23751
23823
23346
23220
23454
23994
23391
23184
23877
23436
23670
23832
23445
23409
23418
23580
23724
23436
24129
23103
23418
23328
23229
24093
23364
23418
22905
23490
24696
23418
23778
23463
23661
23409
23418
23544
23877
24147
22761
23976
23787
23211
24291
23697
24012
23481
23787
23670
23715
23760
23616
22833
24165
24048
23256
24363
23886
23319
24516
23706
23769
22860
23148
23616
24021
23553
23967
23355
23184
23850
23724
24174
23697
24741
23508
24210
23382
23400
24003
23184
24030
23427
23436
23742
23175
23733
23643
23607
24705
24291
23193
24147
23094
23490
23355
24102
23994
23940
22896
23265
23697
24426
23571
22653
23850
23868
23958
23481
23256
23382
23670
23382
23004
23940
23310
23364
23931
22986
24012
23454
23751
23346
24165
24057
23508
23328
23355
24147
23949
24057
23760
23517
23877
23283
23976
23418
24138
23562
23931
24111
23148
23823
23652
23382
23175
23247
23328
24138
23274
23634
23454
23742
23499
24003
23742
23256
22932
23355
24102
23841
23598
23706
24201
24048
23904
23238
23337
23580
23580
23328
23661
23166
23463
23904
23256
23445
24030
23976
23706
23490
24291
24867
23922
24696
23715
23517
23292
23814
24111
24210
23760
23382
23589
23859
23481
23319
23715
23058
23391
23454
23364
24678
24192
23292
23688
23994
23688
23445
23769
24462
23751
23337
23571
23139
23445
23760
23769
24201
23049
23940
23976
23994
23247
23877
23706
23463
23634
23121
