23931
25533
24804
24174
23868
25164
24849
24957
24381
24642
25353
24354
23265
24480
25245
25686
25974
25956
25191
24399
23418
24921
25920
23958
24435
25884
24570
24129
23778
24948
23976
25713
24543
24093
23346
23994
24183
23895
24354
24273
24309
24777
24543
23463
24138
23670
24237
24705
23454
24066
24606
26091
24390
25110
25389
23697
23211
23886
25335
23625
24264
25659
24066
25119
23769
24174
25380
24183
25578
23400
24345
24840
26586
26361
24075
23346
24696
23679
23454
25128
25074
23328
24129
23706
24723
23760
25857
23652
24120
25065
24309
24624
24525
24588
24732
24957
25533
25461
24120
24102
24129
25407
24129
23796
24840
25335
23787
25047
23949
23364
24678
24111
25110
24912
25695
23913
24489
24165
24327
24003
23904
24300
25641
24057
25164
23985
24075
23256
24678
23490
23778
24156
24462
24237
24219
24165
23859
25254
23724
24165
23994
24912
23724
24984
23598
24372
25515
23472
24597
23607
24237
23679
23922
23607
23652
24624
25578
24480
24003
24525
24615
23850
23589
24399
24588
23229
24939
25029
24606
25344
25731
25092
23166
24705
23463
23715
23490
24219
24363
24606
24678
23598
24714
23553
23364
24444
24030
25101
23562
23454
24768
26370
24804
24885
24318
24156
24210
24849
23850
25542
24453
25452
24480
23562
23580
24327
23544
24147
23931
25272
23868
23922
24381
23544
23598
24426
25128
24066
24975
23994
23931
23724
24192
24570
23481
24219
25290
25362
24300
23355
23787
25650
24858
24840
23742
24975
25767
23715
24939
24192
24552
25434
24219
25092
24075
23751
23670
25164
23787
24219
23598
23490
23283
23778
24480
24543
23445
25110
23607
25380
25398
24192
25182
24894
24381
23940
24363
24462
24939
23832
23733
23337
23895
24651
23598
24489
24282
24678
23445
24156
23319
25236
25020
24624
25785
24021
25245
23274
26028
24372
24849
23499
25812
24435
23499
24570
23823
24804
23202
25047
24570
24255
24039
24642
24282
23031
25587
23427
24057
23301
24741
23607
23931
23679
26604
23760
24966
23355
23472
23148
24048
24048
24885
23364
24786
25002
24993
25371
24462
24156
23886
23940
23940
25344
24372
24039
24552
23679
24687
23067
23436
24444
24381
23625
23391
24471
24408
25209
24687
23022
24408
23895
24012
23913
25101
24606
24120
24633
25164
23814
25560
23472
25020
25479
24237
25344
23463
24273
23724
23841
24516
23436
24183
23940
23805
24066
24075
24786
24723
24966
23562
25605
23913
23733
24984
24597
23184
24768
24309
25164
25524
24444
24147
23769
24894
23724
24264
24723
23904
24543
