23310
23328
22887
23481
22941
22806
23364
23346
23391
23076
23346
23427
23301
23157
23607
23526
23103
23085
23022
23625
23580
23652
23193
23265
24534
24021
23544
23238
23625
23652
23256
23112
23085
23184
23769
23544
22914
23562
23562
23013
23130
23022
23103
23283
23292
23202
23571
23859
23643
23715
22968
23544
23931
23373
22950
23517
23220
23940
23400
23058
23274
23355
22941
23391
23031
23679
23850
23427
23202
22923
23742
23706
23229
23625
23130
23526
23778
23355
23436
23004
23301
22896
23076
22833
22896
23580
23589
23391
22851
23004
23391
23031
22716
23895
23850
23328
23130
23040
24003
23481
23724
22824
24147
23166
23274
23508
23148
23148
23670
23274
23544
23247
23013
23004
23481
22959
22851
23913
23220
23562
24120
23391
22941
24030
23679
23508
23067
23463
23454
23292
22959
23157
23499
23310
23616
23661
23562
23049
23319
23490
23751
23337
23022
23049
22977
23751
23787
23364
23670
23139
23022
23328
23319
23337
23598
23634
23121
23157
23247
23706
23238
23634
23148
23787
23211
23589
23382
23382
23373
23265
23859
23499
23625
23517
23751
23220
23139
23544
23427
23850
22986
23013
23265
23211
23031
23778
23499
23490
22977
23697
22779
23013
22977
23418
22932
23121
22950
23391
23481
23418
23400
23472
22851
23589
23130
23301
23256
23490
23526
22941
22995
23490
23607
24264
23382
24462
23805
22959
22824
22815
23841
22986
23346
23346
23085
23580
23157
23706
23571
23346
23202
23184
23499
23202
23301
23589
23481
23040
22932
23715
23148
23661
23472
23175
23949
24219
22815
23841
23220
23517
22824
23220
23436
23247
23553
23490
23751
23112
22842
23679
23724
23472
23409
23382
23337
23103
23328
22968
23337
22833
23634
23337
23049
23436
23508
22887
23679
23355
23760
23238
23238
23454
23328
23580
23130
23130
23247
22950
23337
23841
23175
23706
23274
23913
23436
23373
23481
23571
23301
23391
23256
23436
23751
23517
23472
23148
23292
23418
23526
23247
22941
23517
24030
23445
23175
22608
23139
23301
23157
23328
23436
23922
22752
23346
23958
23256
23553
23616
23229
23157
24048
23733
23328
23445
23004
23049
23103
22878
22815
23220
23994
23265
23265
23589
23715
23166
23481
23652
23265
23841
23256
23679
23130
23292
23031
24147
23580
22977
23112
23481
23130
23085
22959
24273
23094
23760
23202
23661
22896
23157
22509
23868
23283
23004
23535
23796
23373
23058
23697
23067
23247
23598
24408
23220
22986
23517
23967
24039
23634
23364
23625
23121
23985
23670
23805
23247
23238
22941
23517
22635
