23823
22887
23022
24462
24408
23085
24516
24129
23085
23850
24795
23697
23184
23697
23877
24345
23814
22869
23661
25101
23463
23535
23481
23850
23355
23670
24516
23373
24048
23598
23148
22995
24156
25524
23517
22599
23796
23382
24930
22923
24615
23724
22752
23877
25776
24480
25011
24462
24669
24795
24597
23751
23472
23499
24237
25578
23661
24111
25164
23445
23922
24372
23175
23454
23166
23400
25740
23553
23670
23553
23958
24624
23355
23859
23841
23544
23760
23175
25452
23463
24462
23634
22662
23841
23337
23643
23319
23931
24066
23616
23166
23463
23832
24165
23787
23517
23274
23499
24264
23922
23643
23832
24723
23823
23373
24021
23301
23526
23850
24345
23202
23418
24525
23499
24714
24723
23265
24813
23427
23922
23814
24093
24183
23562
22824
24147
23103
23814
24030
24003
23319
23346
24741
25083
24552
24039
24210
22806
23391
23175
23760
24543
23139
25092
23139
23490
23697
23760
25173
23067
24138
24390
23598
23832
23202
23760
23697
23103
23517
23301
23643
24948
23274
25227
23085
23697
23643
23355
22959
24822
24597
23742
23580
24624
24120
23823
23742
23625
23391
23400
23904
24345
24606
24390
24822
24381
23463
23337
23625
23868
23049
23661
23679
24903
24417
24471
24489
25884
24651
23121
23778
22806
24165
23553
23949
23463
22617
23733
24723
23211
23832
23004
24507
23994
25083
23130
23454
24588
23625
23823
23571
23643
22869
22743
23652
23193
24147
23310
24039
24606
23373
23706
23787
23634
24786
23103
23040
23283
24156
23346
24705
24138
24417
23715
22995
23220
24741
23958
22599
22806
24336
23409
23652
23157
23706
23526
23310
23157
22698
23895
24894
23211
23904
24426
23742
22959
24840
23130
23616
23625
24273
25767
24930
23742
23814
24327
23904
23706
24885
23319
23913
23121
23526
23652
24471
23616
23643
23463
23544
23787
23859
25236
25011
23697
23292
24507
24723
23202
23814
23445
23625
23499
24237
23463
23733
23301
23418
24786
23229
23562
23823
24750
24669
23481
23922
25227
23103
23355
23787
23301
24354
25011
24102
22896
23436
23571
24201
24003
24489
26109
23616
24561
24273
23301
23220
23598
23490
23814
23454
23499
23544
23067
23841
24219
23517
23670
24210
23490
23319
23202
25137
24705
24399
24012
24273
24228
23688
26145
23625
23265
23292
23787
24336
23193
23130
25137
24705
24012
23589
23634
23787
22950
23949
23679
23571
24120
22860
24255
23904
25452
23481
23310
23742
22905
23913
23220
24003
23850
23409
22887
23364
24435
23562
22905
25308
23679
23805
23733
23895
23535
