23508
23175
24633
23994
24453
24723
23094
23904
22806
24156
24246
24255
22698
25083
23490
23886
23544
24291
23949
23301
25317
24804
23022
23715
22788
24066
23706
24858
25380
23526
23562
23544
24165
23418
24552
24138
24030
23058
25587
24129
23751
25398
23535
24453
24408
24336
24597
24471
24804
23814
23337
25254
24399
23805
23715
24507
22851
25092
23598
24606
23778
24120
24615
25641
24354
23364
23751
23112
23409
24363
23967
25020
23850
25074
23949
24651
23337
23904
22968
24129
24651
24462
24471
23940
23922
24426
25011
24426
24687
23904
22959
24624
24732
24156
24624
25713
23454
24966
23976
24147
24147
23823
23985
23805
24282
22689
23787
24030
22743
25101
24093
24849
24912
23706
23733
23679
23454
23634
23490
24714
23274
23526
24705
24795
24507
25155
22950
22743
23346
23805
24543
24264
24795
23904
24318
23688
24408
23733
23643
22779
24138
23949
24867
24228
24336
23814
23418
23616
24201
23751
23607
24363
24300
23355
23949
24858
23877
23409
23121
23472
24129
23751
23220
23220
24183
24147
24318
23913
23688
24282
23166
23454
24651
24102
24498
23778
23778
24687
24687
23409
23940
23508
23310
24480
24210
25164
24957
24372
25479
23067
23355
23895
24039
23697
24273
23814
24786
25506
23859
23427
24912
24192
23463
24543
24462
24453
22644
24786
24858
25677
23481
23310
23211
23769
24021
23787
25560
24138
24363
23409
23850
24687
24039
23508
24480
23652
25497
22698
24822
24444
22959
24831
23301
23301
24624
25371
24381
23760
23382
23472
25407
23058
24597
24624
23706
24174
23490
24327
23643
25308
24156
23625
23634
24075
23742
23877
24120
24336
23958
25551
23652
24669
24156
23724
23706
23643
24534
23274
24966
23670
23328
25173
23904
23076
23391
23427
23544
25002
23832
23616
23985
24075
24930
24777
25434
24651
23211
24012
23337
24138
23706
23175
24309
23337
25146
22941
24570
23823
24435
23940
24147
23670
23832
24453
24930
25011
24408
23913
23661
24723
23931
24336
23895
24606
23580
23850
23085
24642
23049
23895
24084
24327
24858
24021
23778
23958
24210
25020
23292
24777
24453
23544
23904
23409
24489
23940
22905
25461
23292
23130
24939
23265
24579
23787
24012
24687
22554
23418
24408
24318
24012
23886
24660
25020
23715
23418
23535
23094
24687
23157
24489
25425
23202
23823
24777
22896
24813
23328
24912
24813
23976
23868
24480
23607
24237
23841
23274
24129
24507
24948
24147
23382
24399
23301
23463
24111
24201
24048
23670
23022
23256
23535
23787
23544
24759
23967
23994
24102
24012
23814
