23697
23859
23508
23814
23490
23985
23211
23148
23148
23868
23274
23850
23427
23328
23103
23274
23697
23427
22923
22797
23967
23490
23130
22968
23094
23040
23508
23283
23634
23499
24021
23787
23922
23940
23184
23553
23670
22914
23787
23553
23382
23940
23634
23607
23409
24309
23706
23652
23769
22941
23508
23445
24138
23274
23085
23895
23004
23409
23544
23814
23553
23319
23751
23733
23238
23283
23319
23373
23355
23382
23040
23490
23868
23319
23112
23337
23346
23310
23796
23652
23769
23886
22995
23256
23832
23418
23769
23058
23769
23580
23391
23508
23463
23256
23859
23490
24066
23148
23211
23328
23832
23526
23049
23751
23337
22968
23247
23976
23706
22743
23715
23499
23778
23949
23481
23886
23697
23103
23391
23661
23967
24030
22941
23445
23040
23292
23580
23598
23904
22851
23733
23328
23832
23400
23364
23094
23013
23328
23454
22995
22995
23040
23310
23679
23679
23148
23832
23589
23157
23778
22932
23418
23625
23346
23535
23769
23643
22851
23553
23139
23580
23607
23247
23085
23670
23166
23337
23796
23508
23130
23454
23112
23697
24084
23922
23391
23382
23535
23211
23949
23247
22968
23013
23229
22896
23580
23283
24048
23724
23247
23310
23247
23751
23985
23400
23670
23913
23085
23364
23427
23562
23310
23661
23643
23004
23553
23472
23436
23355
22932
23625
23652
23715
23535
22986
23256
23958
24363
23085
23274
23481
23283
23364
23949
23652
23085
23535
23148
23238
23247
24039
23535
23517
23427
23112
23130
22986
23724
23481
23193
23355
23067
23832
23139
22986
23427
22995
23571
23661
23391
23130
23661
22950
24183
23382
23247
23940
23526
23364
23508
23121
24201
22977
23112
23076
22788
23157
23184
23031
23211
23742
23193
23490
24183
22554
23544
23697
23130
23562
23364
23265
23652
23571
23301
24075
23526
23283
23796
23481
23868
23580
23256
23886
24318
23634
23562
23445
24318
23238
23148
23715
23769
23166
22878
23886
23220
23751
23634
23463
23562
23562
23688
23715
23994
23886
23634
23301
23328
23382
22887
23220
23364
23418
23616
23724
23265
23616
23643
23418
23787
24165
22905
23121
23697
23175
23391
23535
23031
23229
23247
22644
23454
23967
23859
23607
23445
23967
23499
23715
23940
24057
23580
24048
22977
23166
23049
23760
23076
23832
23499
23454
23346
23679
23598
22995
24246
22914
23652
23787
24399
23535
23949
22842
24102
24552
23571
23697
22986
23229
23310
23553
23661
23283
24021
24003
23112
23373
23823
23292
22941
23589
22995
23202
23796
23157
23652
23436
23706
23805
23607
