22842
22860
23337
23706
23022
24795
23436
23976
23382
23625
23211
23292
23517
23643
23067
23481
23211
24561
23274
23607
23409
23067
23535
23337
23247
23283
22959
22635
23166
23778
23310
23346
23319
23886
23292
23904
24597
23319
23040
23229
24291
23661
22896
23697
23832
23544
24219
23139
23076
23634
23931
22986
23373
23571
23148
23346
23238
24210
22671
23085
22896
23157
23715
23796
23589
23256
23112
23886
23445
23598
23625
23238
22977
23355
25209
24606
23157
23049
23841
23211
24048
23409
22788
23607
23427
23418
23445
23103
22824
22941
23085
23625
23031
22941
23238
22833
23094
24489
23382
23742
24102
23040
22968
23274
23355
22977
24606
23265
23193
24003
23148
22905
23085
22968
23166
23022
23319
23256
23013
22797
23418
23769
23058
23013
23904
24012
22770
23859
23778
23301
23355
23040
24255
23139
23004
22968
23310
22995
23481
23229
23517
23274
22824
22923
22788
23697
23886
23859
23085
23985
23292
22824
23850
23409
23355
23229
23400
23850
23355
23139
22977
23715
23310
23229
23499
23958
23202
23769
22860
24084
23796
24273
22869
23481
24030
23229
23004
22995
23319
23499
23643
23301
23040
23508
23409
23328
23247
22932
23445
23760
23265
23382
23031
23940
22806
22590
24057
23625
23760
23499
23445
24192
23913
23139
23697
24516
22725
23400
23472
23652
23742
23031
22977
23247
22932
23841
23229
23112
24498
24057
23859
23643
23760
23157
23256
23787
23409
23625
23733
23175
22887
23454
23400
24642
23985
23841
24345
22941
23130
23229
24210
23409
23661
23706
23418
23445
23859
23850
23337
23058
23616
23310
24084
23679
23049
24444
22896
23193
23499
23463
23436
24687
23661
23310
23310
23805
22824
24174
23013
23598
23787
23418
23742
23058
23571
23256
24147
23022
23445
24300
23031
22716
22806
22689
23472
22959
23220
23913
23346
23553
23643
23688
23769
22923
23778
23841
23112
23463
22896
23715
23877
23031
23373
23049
22950
23625
23193
22761
23769
23769
22860
23148
24399
22995
23904
23094
23256
23382
23508
23535
23139
24309
23121
23445
23760
23445
23328
23607
23616
23571
23409
23535
23499
23454
23742
23283
23634
24723
23391
23454
23454
22914
23346
24003
23310
23616
22968
22878
22635
23301
22905
23319
23382
23436
23094
23094
23004
23463
22770
23193
23310
23076
24939
23256
23859
22878
23193
23985
23481
24237
23634
23445
22986
24282
23301
23265
24129
23625
23211
23058
23535
22617
23040
23832
23013
23274
23868
22770
23859
23859
23544
23742
22887
22635
23571
24021
23895
23544
23292
23733
