23121
24093
23742
23787
23301
24327
23409
24012
23427
23733
24030
23769
23076
23454
23814
24138
24309
23850
23922
23913
23814
24048
23292
23823
23490
23625
23193
23256
24309
23769
24156
24147
24462
23571
23661
23454
23922
23949
24147
23418
23463
23787
23283
24057
24597
23373
23463
23976
23220
24093
23328
23517
23751
23589
23193
23679
23310
23859
24291
23364
23625
23544
24453
23607
23751
22797
23850
23913
23985
23895
24417
23346
23868
23409
23364
24111
23976
23445
23769
23805
23652
23598
23796
23625
23688
23481
23949
23715
23661
24318
25011
23499
24210
23526
23184
23967
23778
23607
23913
23742
23607
23598
24174
24075
23598
23850
23409
24048
23391
23913
23490
23913
24057
24291
23562
23877
23526
24228
24354
23400
23886
24417
23895
23751
24039
23589
23319
23202
23994
23445
23715
23310
23931
23670
23940
23823
23472
23562
23742
23544
24093
23481
23625
24102
23670
23742
23715
23445
24138
23733
24282
24039
23679
23481
23517
23175
23427
23877
24066
24201
23670
23985
24030
23688
24291
23517
23841
23985
24057
23562
23949
23949
23121
23679
23508
23679
22797
23814
23751
23877
23481
23049
23643
23652
23787
24165
24372
23742
23454
24183
24282
24183
23724
23445
23355
23949
23229
24138
23526
24237
23895
24048
23517
23220
23715
24102
24534
23436
23823
23805
23175
23193
23634
24075
23985
23490
23625
23922
23571
23634
23625
23139
24534
23904
24066
23868
24318
23139
23445
24210
24138
23472
23715
23292
23427
24003
23697
24597
23373
24147
24336
24246
23904
23643
24876
23913
24444
23661
23805
23760
23679
23112
23481
23364
23958
23652
23814
23598
24066
23724
23427
23769
23418
24678
23616
23571
23508
23877
23805
23391
23616
23634
23364
23283
23616
24516
23265
23247
23598
23787
23589
23454
24327
23526
23481
24021
23859
24633
23418
24282
23769
23544
23625
24093
23598
24264
23571
23328
23436
23526
23742
23850
23274
23454
23355
23841
23517
23742
23625
23625
24093
24120
24003
24264
23382
23463
23337
23526
23373
23634
23859
24228
23544
23688
24687
24426
24300
23499
23715
23535
23436
23085
23598
23697
24372
23544
24354
23868
23634
23598
23778
23499
24201
23355
24174
23733
23499
24003
24552
23715
24309
23544
23337
23688
23769
24327
24030
23373
23652
23949
24471
23418
24264
23400
22941
23454
23634
23553
23877
23481
24165
23823
23760
24210
24849
24219
23508
23247
23562
23760
23643
23571
23292
23643
23697
23940
23841
23409
23436
23517
24066
24129
22932
23751
23661
24021
23436
24669
23706
24066
