23976
23922
23688
23544
24147
23589
23967
24075
23553
24426
24318
23661
23751
23112
23697
23427
24435
23499
23904
24516
23409
23436
24336
24156
24012
24588
24795
24417
23814
24363
23976
23958
23427
23904
24102
23751
24543
23913
23787
23922
23607
24327
23814
23526
24300
24003
24174
23760
23436
24444
24012
24642
23688
23598
24318
24111
24345
23904
23994
23958
23706
24318
24381
25362
23679
24084
24318
24075
24111
24201
24705
24147
23832
24390
24012
23913
23985
24273
23931
23436
24669
23616
24462
24021
24102
24264
23112
23895
24057
23931
23994
23535
24075
24426
23823
24084
23463
24084
24372
24606
23967
23805
24111
23886
23625
24138
24399
23706
23436
24219
23859
24534
23472
23886
23661
24129
23787
24399
24525
24066
24228
24579
23832
24606
24417
24732
23868
24111
23166
23769
24219
24120
24030
23724
24336
23886
24057
24156
24165
24408
23913
24399
23535
24210
24156
24183
23877
23382
23787
23760
23850
23481
24066
23877
23859
24399
23805
23931
23454
23418
23832
24885
23922
24057
24597
24831
24264
23868
23823
24921
23931
24705
24075
23958
24273
23769
24480
23931
24498
23985
23328
24390
24498
23580
24021
24138
23895
24183
24111
24525
24714
24264
23886
24714
23913
24111
23967
24075
23616
23859
23580
24021
24084
23355
23904
23940
23526
23976
24057
24084
24318
24642
23715
23886
24237
23841
24048
24147
23805
24390
23868
23526
23814
24822
23562
24237
24066
23994
24282
24444
24264
23472
24030
24615
24453
24237
24381
23472
23850
23625
24561
24039
24534
23760
24597
23922
23994
24228
24516
24057
23931
23931
24048
23679
23976
24264
23706
23841
24102
23958
24480
23940
24273
23742
24534
24462
23724
23706
24048
23769
24246
24552
24489
23949
23796
24210
24165
24228
23616
24300
23814
24363
24147
24003
24498
23805
24210
24012
24156
24480
24138
23373
24282
24543
23913
23679
23787
23625
24021
23616
23940
23805
24696
24111
23796
24336
23922
23598
23994
23643
23499
23967
23733
23742
24291
24309
23877
24075
24399
24057
24525
23886
23481
23940
24048
24228
23292
23886
23967
24165
24660
23823
24246
24111
23733
24111
24372
24021
23787
24003
23391
23931
24174
24048
23904
23841
23886
24039
23049
23670
23670
24111
24219
24030
24120
23679
23922
24156
23886
24669
23796
24201
24003
24327
23742
24021
24345
23760
23148
23427
23616
23688
24057
24030
24021
23886
24003
24102
23859
24129
23967
24273
23859
24066
23670
24093
24147
23805
24093
24903
23850
24462
24660
24696
23850
23382
24201
23904
23985
23661
