24660
25533
24813
24507
25245
25335
25371
25407
24624
25263
24858
25110
24066
25326
24408
25515
25461
24786
25740
24408
24273
25587
25164
25308
24624
23751
23823
23868
24534
24696
25758
25398
25425
25038
25137
24237
24966
25173
24129
24552
25785
23949
25290
25299
25056
25065
25110
24003
24939
23976
24363
24813
24345
25389
23814
24300
24309
25029
24876
24192
25227
25101
23850
25299
24759
25461
25578
24705
24048
24750
24795
25029
25389
25443
25038
25029
24831
24759
25803
25263
24345
25362
24723
24102
25200
25992
25083
25560
25011
25614
25155
24948
24489
25146
24759
25623
24822
23760
24120
25236
24966
25191
23913
25020
25848
24741
25146
25173
25443
25209
24939
24273
25236
24867
25191
24777
24993
25335
25587
24624
25416
24876
25308
24894
25173
25236
24975
24642
24732
23832
24192
25749
25308
24678
24912
24858
24957
25902
25308
25110
23796
23994
23868
25173
25461
24669
23679
25263
25029
24903
25713
24210
24327
24381
24606
24624
24426
23706
25587
24399
25092
24822
24885
23985
25272
24318
24984
24984
24885
25551
24750
25308
24408
24021
24318
25803
25479
24552
24966
25407
25227
25101
24525
23976
24948
25227
25182
23634
24372
25371
25002
24903
24939
24948
25650
25362
24237
24930
25641
24057
23949
25299
25200
25299
24750
23949
24894
24489
25344
25038
25326
25290
25281
24228
24633
25317
24957
25173
24777
25317
24264
24165
25254
23931
24822
25254
24453
24102
23724
25119
25146
25713
23697
24201
24516
23904
25506
24993
24120
25164
23778
24066
24345
25326
25479
25479
25434
25434
25632
24255
25020
24417
25191
24426
24111
25164
25452
25056
25479
24300
24948
25362
24435
25353
25470
24993
25470
24264
25623
24309
24957
24885
24759
24075
25227
23841
25038
24615
25218
23733
24714
24264
23562
24435
25452
24921
24327
23670
25173
23877
25128
25623
25227
25452
24102
24795
24498
25254
24048
24939
25020
24597
24804
24705
25281
24417
24849
24246
24633
24507
24066
25515
25551
24696
24417
24975
24930
25011
24633
25110
23895
24903
24651
24057
24741
25056
25119
25083
24984
25164
23976
25155
25308
23949
25245
24930
25533
24606
24993
25173
25470
24156
26199
24111
25551
24426
24903
24174
25389
24768
25290
24561
25200
24786
25407
24921
25443
24291
24102
25182
24579
25137
25344
24822
24867
25191
24606
24489
25704
25092
24570
24579
24723
24543
24876
25002
25011
25515
25164
24921
24930
25416
25245
25515
25407
24678
25218
24993
24903
23751
24966
25020
25308
25011
24543
25353
25641
25443
24471
25128
