23877
23076
23922
24057
23607
23661
24885
24057
23562
23796
23463
24084
23805
23841
23841
24237
23481
23292
23427
23544
24183
23373
24282
23652
23472
24453
24093
24210
24273
24381
24300
24138
23634
23598
23508
23391
23697
23895
23463
23346
24246
23778
23679
23841
23913
23418
23841
23364
24030
23733
24570
23454
23787
24147
24318
23940
23796
23868
23328
23985
23625
24012
23382
23616
23625
23940
23535
23787
23706
24147
23760
23796
23679
23607
24912
22941
23517
23940
23733
24192
23202
24372
23454
23895
24300
24534
23499
24363
24012
23328
24039
23805
23922
24111
25137
23922
24399
23049
23562
24300
23481
23850
24579
23454
23589
23985
23886
23715
23535
23652
23841
23778
24309
24084
24498
23454
23958
24228
24084
24156
23895
23634
23688
23976
23553
24021
23580
23481
23994
24381
23832
24066
24219
23706
23616
24309
23850
23499
23976
23634
23886
23697
24201
23796
23787
24615
23616
23607
23868
23751
23886
24345
23733
24264
23868
24489
23454
23625
23670
23409
23706
23661
24588
23391
23247
23427
23418
24273
24489
24327
24318
23769
23661
23760
23553
24507
24120
24048
24273
24336
23841
23904
23580
23805
23679
23976
23103
23913
23886
23904
23715
23697
23877
23580
23940
23526
23445
23400
23859
23625
23787
23877
24183
23931
23202
23814
23931
24435
23769
23823
24372
24102
24624
24354
23292
23895
23760
23634
23895
25659
23769
23814
23949
24129
24111
24426
24057
24075
23508
23589
24030
23742
23472
23940
24084
24030
24192
24237
24192
24156
23931
23715
23940
23931
23580
23832
24012
24246
23283
23436
23940
23121
23949
23940
23751
24030
24102
24138
24336
24066
23724
23814
23499
23418
24255
24282
24075
23868
23886
24030
24246
24003
23778
23724
24345
23805
24678
23967
25317
23346
23193
23967
23859
24840
24039
23220
23904
23661
23805
24012
23625
23976
23238
23967
24021
23715
24156
24426
24003
23319
24003
23454
23166
23886
24210
23796
23904
23436
23931
24192
23994
24561
24318
24147
23814
23913
24642
23787
24651
24219
23337
24003
23391
24048
23859
23742
24300
23580
23985
23373
23490
23724
24210
23805
23238
23535
24093
24246
23913
24714
23841
24309
23814
24174
24228
24192
23850
23931
23886
23472
24174
23571
23742
24300
23958
24066
23634
24309
23733
24426
23805
24354
24921
24201
23778
23706
23823
24129
23787
24480
23328
23724
23859
23571
24093
23508
23904
24012
23751
24021
24957
24012
24084
24111
23724
23742
24120
24345
23580
24138
23571
23292
24102
23769
24039
23850
24192
23958
23571
24201
