23661
23814
23076
23328
24093
23751
23058
23562
23535
23634
23031
23130
23472
23985
23571
23229
24030
23823
23283
23760
23355
24057
23598
23535
23823
23454
23445
24138
23130
23787
23301
24138
23589
23859
24183
23841
23481
23499
23373
23814
23067
23454
23112
23535
24426
23697
23724
23796
23553
23688
23328
23706
23022
24255
23391
23526
23013
23049
23967
23562
23355
23517
23139
23175
24048
23823
23265
24354
23229
23373
23724
23247
23193
23562
23337
23913
23427
24075
22977
23697
23391
23697
22851
24291
23175
23715
23688
23508
24192
24291
23517
23004
23166
23508
23769
24111
23823
23400
23436
23535
23211
23229
23580
23193
23373
23805
23760
23715
24003
24210
23481
23544
23499
23571
24156
23580
23922
23130
23436
23715
23400
23238
24921
23031
23013
23058
22914
23868
23607
23391
24282
23373
23805
23571
23355
23697
23661
23823
23652
24048
23085
24165
23346
23535
23337
23904
23517
23661
24057
23985
23868
23706
23760
23661
23526
23229
23949
23085
23535
24021
23139
23832
23787
23409
24381
24066
23310
23562
23751
23274
23193
23436
23958
23157
23220
24237
23643
23229
23544
24012
23760
23715
23724
23130
23607
23580
23715
23139
23661
23634
23670
23553
23319
23373
23319
23607
23814
22986
23643
24021
23634
24111
23409
23409
23292
23967
23994
23877
23355
23373
23454
23643
23445
24030
24057
24129
24777
23409
23625
23940
23796
23814
22896
23931
23292
23805
23445
23922
23445
24003
23148
23697
23535
23211
23571
23625
23157
23166
23472
23436
23778
23697
23571
23805
23355
23769
23418
23409
24102
23544
23211
23850
23805
23490
23445
24345
23877
23607
23445
24003
23391
23166
23634
23634
23517
23697
23895
23310
23490
23535
23283
24048
23517
23697
23805
23490
24192
23580
24066
23301
23967
24264
24147
23607
24066
24057
23697
23184
23454
24390
24084
23562
23994
24030
23157
24048
24066
23877
23229
23409
23535
23607
24273
23823
23157
24192
24615
23283
22860
24075
23535
23985
23148
23418
24264
23724
23823
22788
23256
23121
23823
23328
23661
23220
23580
23841
23499
23697
23274
23580
23535
24147
23148
23670
24066
23715
24057
23436
23022
23022
23499
24102
23967
23310
23643
23049
24255
23634
23913
24183
23301
23265
23337
23166
23688
23922
23490
23904
23517
23427
23796
23130
23661
24156
22977
23346
23886
23247
23526
23139
23580
23355
23472
23193
23031
23202
23715
23301
23877
23499
23688
23265
24489
23697
23184
24156
23679
23985
23661
23607
23418
23166
23472
24291
23589
23400
23688
23751
24201
23805
