24597
24048
24210
25164
24165
24372
23454
24264
24399
24282
24192
24255
24273
24291
23886
24948
23211
23589
23769
24138
24039
24282
23733
23841
23715
23886
23886
24156
23931
23832
24156
23976
24129
23850
23373
23688
23481
23949
23985
24039
24246
23760
24318
24327
24039
23994
24903
24183
23823
23724
24057
23868
24291
23652
24381
23841
24210
23940
23607
24102
23220
24750
23805
24057
24948
23931
24309
23670
24498
24363
24354
24300
23445
23436
24102
24228
24021
23922
24039
24066
23706
24282
23274
24111
23265
23931
23499
23247
23589
24030
24768
24300
23220
23994
23760
24264
23796
24048
24417
23958
23787
24651
24354
23796
23769
24732
24210
23751
24147
23670
24003
24012
23823
24156
24003
24255
24444
24120
23643
24282
24336
24345
24003
23634
23436
24399
24237
24597
24228
23796
24642
23868
24138
23868
23634
24930
24192
24066
24129
23922
23832
24930
23913
24543
23643
23985
23454
24255
23733
24507
23841
24417
24345
23814
24363
24399
23679
24534
23985
23112
23463
23823
24543
24300
23949
24966
23661
24066
24192
23904
23661
24246
24219
24291
23832
23652
23706
24579
24318
23913
23895
24705
23958
24012
23895
24435
24048
23859
24345
23832
23850
24066
24480
23328
24192
24813
23931
24444
24300
23679
24264
24399
24174
23859
23940
24102
24057
23922
23949
24138
23895
24147
23814
24012
24156
24129
23472
23607
23805
23760
23913
23814
24012
24381
23724
24201
24084
23823
24030
24030
23850
24705
24192
24381
24003
24390
23634
23238
24435
23715
24462
23949
24201
23472
23778
23886
23796
24345
24201
24057
23562
24255
23643
24480
24408
23553
23913
24246
24813
24210
23472
24714
23670
24201
24255
23814
24048
24039
23904
23517
24075
23922
23841
24210
23508
24183
23760
23922
24237
24543
23544
23643
24327
24147
23607
23760
24543
24282
23796
24129
24327
23850
23661
23733
24102
24228
23562
23652
24381
24093
24057
23382
23787
23535
23994
23787
24426
24579
23805
24012
23661
24201
24174
24291
24129
24435
24795
23859
23850
24075
23643
23625
23922
23877
24390
23904
24660
24345
24039
24372
24399
23994
23742
23796
24030
24210
23895
24192
23958
25290
24462
23967
23571
24462
24543
24174
23913
24849
24156
24273
24273
24264
24255
23274
24201
23940
23652
24615
23211
24120
23967
24237
24408
23877
24381
23724
24309
23985
24273
24669
24219
24723
24408
24192
24255
23553
23490
23814
23238
24354
24390
25074
24363
23985
24426
24210
24291
24480
23391
23805
24156
24075
24588
23877
23940
23949
24102
24093
24003
23787
