24570
23922
24246
23634
24030
24165
24075
24111
23625
24264
23886
24912
23967
24588
24426
24651
24363
23994
24318
23823
23688
24012
23841
24489
23742
24057
23796
24003
24120
23886
24741
24264
24687
23931
23760
24300
23706
24048
23850
24318
23985
24111
23778
24012
23814
24048
23976
23778
23949
23931
24660
24444
24336
24318
23517
24777
24111
24705
24183
24129
23814
24147
24165
24165
24030
24453
23814
23922
24408
23877
23895
23859
24048
23886
24228
23904
23904
23688
23670
24165
23967
23994
23895
24102
23985
24336
24516
24291
24372
23886
24273
23814
23823
24084
23787
24057
24057
24300
24642
23760
24318
23994
24039
23877
23895
23796
23877
23805
24120
24921
24192
23940
24372
24219
24300
24156
23913
23616
23814
23985
23814
24444
23823
24147
24201
23418
24030
24417
24138
24282
23832
23679
23859
24174
23886
24057
23814
24282
23850
24264
24138
23976
24111
23841
23670
24048
23796
24345
24444
23679
24138
24129
23715
24660
24111
24327
24174
24795
24498
23841
24174
24183
24192
24561
24237
24246
24192
23823
24210
23913
23958
23715
24021
23904
24048
23985
23814
23850
24021
24165
24120
23949
24489
24129
24156
24111
23850
23958
24102
23859
24138
24399
23517
23877
24282
24003
24282
24057
24021
24606
24120
24228
24228
24102
23634
24075
24210
23814
24012
23877
23778
23904
23517
23904
24336
24156
24345
24111
24480
24219
24093
24021
24552
24219
24174
23400
24003
23841
23877
23886
23805
24408
24264
24273
24642
23805
24210
23895
24381
23562
24480
24462
24102
24390
24264
24867
23922
24399
24264
23976
24165
24003
24237
24201
24201
24138
23787
24210
23850
23607
23427
24291
24714
24021
24759
23868
24651
23607
24444
24192
23985
23904
23922
24093
24066
24462
23958
23940
24354
24075
24399
24003
24345
24048
24039
24219
24210
23715
24129
23886
23769
24525
24732
24534
23670
24399
23994
23958
24201
24048
23751
24102
24183
23913
23913
24111
23886
24714
24021
23850
23778
24120
23706
24210
24255
24102
24255
24003
23850
24120
24696
24408
23814
23994
24102
24291
24138
23571
23598
24030
23688
24021
24615
23877
24255
24777
23778
24165
24093
24561
24075
24210
23994
24219
24327
23805
23562
24498
24183
24237
24399
23733
24345
24255
24354
24174
24561
23679
23868
23841
23868
24858
23733
23931
23958
23706
23958
24417
23688
24399
24390
23922
23769
24579
24075
23904
24534
24111
24399
24066
24300
24615
23904
24093
24057
23571
24039
24183
23868
24228
24174
24111
24201
23985
24021
24399
24237
23958
23976
24066
