24912
24273
24570
25398
25578
26145
25083
25101
24867
24372
24984
24975
24858
23913
24066
24057
24363
24273
25218
24786
24093
24174
24057
24606
25506
24327
23868
24408
24552
24282
24516
24435
24660
24597
25290
25371
25128
23931
24534
24417
24849
24552
24930
24903
24489
24768
24822
25254
24750
25191
24543
24093
24822
24219
24210
24552
24876
26037
24525
24894
24822
25290
25614
24714
24948
25425
24075
24669
24003
25578
23958
24255
25470
25182
24876
25713
24984
24183
24363
24309
24039
25866
23814
24543
24957
24462
24777
25164
25362
24948
24399
25740
24930
25128
24453
26055
24705
23868
25515
24354
24588
24795
24228
24858
25227
24957
24021
24921
25263
24741
25812
23994
24480
24309
25677
24723
24885
25038
26073
25101
25290
24462
26172
24570
24561
24741
25263
24282
24849
25443
24507
24165
23841
24516
23598
24354
24714
24282
24624
25272
24831
24615
24939
24678
24480
24822
24777
24075
23643
24885
24489
25389
24534
24966
25011
24309
24651
24597
24129
24264
23841
24201
24858
23832
23985
24552
25398
24930
24147
25011
24561
25362
24543
25470
24615
25470
24183
25353
25173
24525
25839
25965
25668
25677
26379
24372
24084
24417
24651
24336
25326
24669
24993
25965
24408
24282
25623
25155
24498
25425
24786
25281
24534
24570
25326
24759
24543
24084
24381
24138
24714
24957
24120
24633
23967
24507
25695
23958
24651
24489
25182
24075
25002
24093
25002
24939
24507
25182
25389
25110
24813
25200
24219
25821
24327
25173
25236
24759
24867
25227
24048
24912
24552
25983
25281
24687
25380
24894
24318
25029
24039
24939
24678
24768
26127
24876
24363
25056
24804
24696
25281
24579
24525
24984
25362
25668
23877
24777
23616
25713
24444
24939
25209
25209
24507
25272
23616
24921
25308
24066
24894
25020
24687
25245
25560
24588
25227
25101
24552
25002
24273
24750
24840
24957
24390
24732
24435
24543
24219
24867
26100
24912
23787
24048
25146
24318
24939
24939
24273
24345
24543
25533
25299
24444
25011
24723
24075
24372
24327
24759
25344
24543
25524
24246
25470
24219
24813
25209
24318
25173
25182
24165
24822
24768
23949
24354
24660
24804
24732
24291
25389
24732
23868
23697
24480
23886
25533
25533
25263
25299
24768
24930
24534
25281
25650
23562
25200
24795
24282
24336
24606
24597
23652
23571
25623
24624
24372
24885
25299
24426
25056
24228
25110
24948
25299
24894
25380
25362
24228
25101
25011
24390
24885
24381
24921
25929
24201
24777
25218
24525
25101
25443
25173
24390
24543
25083
25101
23976
24849
24741
