24102
24858
24615
24507
26091
24687
24543
24381
24552
24651
24696
24003
25092
24237
24723
23760
25011
24462
23814
24228
24300
24714
24120
23751
24543
24390
24318
24966
24624
23571
24471
25011
24012
24327
24705
24642
24012
24435
24174
24543
23904
24210
23877
23733
24273
24507
24174
24147
25560
24435
24300
23949
24525
24264
23967
24435
23796
24975
24858
24417
24300
24606
24237
24543
24588
24363
23877
23886
24390
25461
24246
23958
24759
24246
24615
24354
24507
24678
24588
24066
23895
24480
24840
24867
24012
24156
24633
23796
24516
24237
24120
24462
23958
23571
24030
24129
24138
25506
25047
24471
24066
24453
24066
24822
24246
23769
24363
23679
24039
24399
24408
25191
24282
24921
24039
25731
23670
24498
23958
24849
25011
23787
24192
24102
24327
24192
24588
24489
24264
24192
24732
24525
24084
24291
24066
24174
24930
24579
24597
24300
24885
24453
24507
24768
24012
24507
24840
24750
24507
24480
24597
24732
24678
23940
23868
24948
24102
24273
24588
23526
24291
24480
24714
24300
23751
24786
24579
24705
23913
24390
24120
23724
23697
24453
24165
23634
24534
24273
25335
24057
24021
23634
24192
24849
24516
24885
24318
24543
24876
24939
24192
24777
24849
25200
24156
26748
23976
25011
24642
23949
25218
24543
24057
23922
24993
24786
23913
24876
24183
24327
24156
24255
23616
24093
24732
24300
24651
24165
24957
24273
24939
24093
24633
24570
24435
23742
24246
24948
25290
24525
23796
26262
24831
24309
24165
24228
24723
24192
24957
24552
24345
23580
24480
23778
24507
24498
24588
24498
25002
25533
24156
24156
24552
24201
23985
24840
24129
24642
25056
24750
24588
24048
24885
23931
24597
24696
24759
23589
24390
24561
24030
23796
24957
24678
24165
24876
23868
24183
23598
24102
24507
24912
24102
24183
24183
24021
24417
24462
24489
24237
24093
23616
23625
24084
24624
24291
24975
24192
23877
24516
24345
25056
24741
24336
24165
23958
24219
24147
24948
25191
24498
24408
23787
24822
25236
24714
23895
24408
24750
24291
23769
23931
24111
24705
24183
23967
24390
24012
23715
24309
23598
24822
24885
24885
24039
23661
24606
25263
24570
24273
24930
24003
24381
23679
24102
23859
24093
24345
24021
23616
24030
24525
25065
25209
25092
23877
24048
24345
24786
23976
24291
24642
24444
24381
24705
24876
24264
24075
24156
24327
24426
24165
23427
24012
23328
24480
25011
25803
25164
23688
25506
24741
24786
25011
25074
24696
24183
23616
24471
23787
24282
24705
24192
23985
24012
24102
24408
24066
25236
25308
