46402
46483
46258
46969
45808
46717
45799
47374
46960
46645
46825
46456
46051
46519
46168
46681
47365
45934
46357
46240
45790
45925
46051
47077
46582
47689
46627
46798
47050
46132
45970
47077
47653
46258
46717
47329
46393
45979
45988
46807
47086
47572
46825
46510
46654
46222
46798
46996
47365
46735
46555
46060
46051
46762
47338
46744
47284
46096
46843
47284
46177
47302
46258
47671
46519
46645
46501
45988
46258
47752
46609
45862
47122
47014
46915
46996
46582
47059
46150
46141
45790
46033
47230
46627
47455
46834
46411
46591
46672
45889
46717
46600
47176
46573
46141
46420
46816
46537
46114
46141
46330
46357
47023
46924
46060
46276
46375
46501
45997
46096
46933
45961
46519
47203
46186
48337
46159
46069
46240
46834
46825
47455
46150
46204
46222
46267
46609
46645
45997
46015
46780
46960
46150
46780
47131
45862
46627
46609
46834
46483
47860
46582
46933
46708
46465
46015
45961
46312
46537
46852
45763
46240
46537
45844
47149
46987
46510
46294
46402
46582
47455
46492
46942
46492
45799
46195
46492
46465
46393
46735
46600
47185
46339
46384
46681
45907
46177
46744
46501
46312
47851
47086
46681
46546
46015
46573
47428
46429
47041
46609
46312
46312
46339
46141
46402
46384
47941
46438
46276
46861
45988
46762
46276
47086
47518
47365
46330
47752
46105
47095
46798
46519
46357
47014
46006
46879
46600
46861
46456
47320
47455
46465
46312
46987
45826
46231
47320
46807
46852
46042
46735
46312
46996
46375
46222
47122
46213
45943
46213
47635
46159
46195
46177
47338
45934
47284
47077
46609
46708
46195
46267
46186
46249
46510
46168
45754
47329
46213
46222
46060
46159
46699
46609
46951
46861
47842
46870
46483
46159
46762
47320
46231
46096
46573
46510
46105
46609
45862
48787
45871
47221
46762
47068
47500
46699
46375
46519
46690
47473
46420
46312
46213
46627
46933
47221
47482
46492
46690
46600
45952
47212
46573
48319
45961
46474
46861
46015
46114
45889
45808
46330
46249
45844
47680
46366
45628
46789
46951
46789
46654
46411
46402
46006
46312
46726
47635
47032
46843
46411
47266
46141
45844
46744
46906
47005
46978
46816
46978
46663
46744
47959
46870
46834
45952
47356
46906
47212
46348
45808
47149
46321
46051
46996
46006
46573
46600
45772
47005
47086
46501
46969
47014
47653
46429
46222
47824
46375
46492
46015
46780
46609
46105
46042
45943
46771
46060
46078
47113
46195
46762
47140
47230
46510
47122
46294
46654
46654
46708
47194
46375
46834
46303
46915
46411
46240
46087
45844
46681
46510
47446
48607
46753
47536
47338
46960
46213
46996
46159
46330
47329
45988
46609
48661
45790
46780
46240
46591
46375
47680
46213
46312
46861
46888
46708
46537
46132
46672
47446
47158
47356
46447
46807
46681
45862
46141
47374
47446
46285
45817
45817
46852
46987
46735
45844
46069
46834
46249
46654
46915
47329
46186
46411
46105
46339
46366
46249
46591
46249
46348
46996
47509
46222
46510
46582
46735
46618
45979
45736
46465
46555
47293
47068
47446
46033
47293
45943
46429
46429
46465
47284
46537
47698
47194
46312
46609
46276
47212
47329
46006
46474
46744
45880
47428
46420
46294
46186
46231
46411
46429
46987
45934
46735
46807
46744
46321
46699
46312
46069
46717
46177
46195
46825
46510
46609
45907
46204
47023
47428
46564
47086
46798
46339
47446
46708
45772
46546
46330
46312
46951
46519
45745
46924
47374
47014
46168
46771
46456
46456
46870
46735
46411
46438
46276
47185
46564
47140
46078
46708
47266
46375
47590
45961
45772
46501
46591
46411
46996
46663
46501
46654
47806
46312
46663
45763
46708
46789
46411
46033
46456
46915
46258
46933
47149
46249
45952
45988
46897
46087
46780
46348
46762
46060
46726
46879
46906
46384
46213
46582
46834
46465
47554
47311
47554
47383
46915
46942
47050
46240
46330
46312
46627
46879
46474
46933
47356
46501
46888
45925
46393
46447
48148
46537
45997
47410
45979
46222
46996
46519
45925
46951
48265
46069
46834
47203
46204
46240
46798
46537
46159
46708
46834
46384
47023
46987
46888
46591
46699
46861
46654
45835
46024
47338
46582
46330
46735
47068
46339
46501
46276
46465
46231
46384
46699
48058
45997
47968
46816
47041
46744
46258
46501
46888
45997
46618
46033
46168
46690
46870
45853
46564
47131
45709
46717
46591
46510
46330
46267
46186
48247
46177
47986
46852
46231
46222
46429
46528
46033
46429
46402
46150
47104
45763
47185
47959
46042
46726
46996
46996
46132
46978
46987
46627
46123
46924
46042
46915
46384
45826
47797
46582
46645
48508
45808
46609
46438
47590
46609
47599
46996
46996
46132
47158
47446
47086
46312
46375
45979
46060
46780
45943
47536
46645
46195
46078
46942
46114
46447
47221
46753
46258
46870
46105
46420
46591
47509
46600
46159
46906
46033
46276
47545
46861
47275
46438
47707
47140
46267
47347
46492
47320
46069
46132
46861
46591
46114
46717
46969
46069
47059
46537
46915
46195
46951
47320
47194
45718
48877
47536
46222
47149
46195
46168
46339
47068
46204
47743
46249
46411
46861
46150
46159
46285
46420
46348
46267
47194
46438
47851
45664
46735
45961
46771
46681
46591
46744
46051
47131
46087
47104
46762
46177
46978
46006
47563
46834
47338
46393
46600
48004
46735
46231
46375
46204
46726
49048
46366
47059
45862
46834
46195
46141
46375
45943
47122
46996
46564
46186
46168
46159
46744
47914
46564
46276
45817
46735
46942
48364
46798
46852
48391
46258
46330
46654
46303
46591
46078
47212
46510
46942
46384
46051
46474
47950
46627
47203
46834
47671
46456
47158
46402
46762
46483
46069
46213
47518
47059
46861
46861
46537
46618
46789
46276
46402
47284
47860
46861
46699
47005
46537
46186
46150
45934
46735
46798
46123
46429
46672
46591
46627
45772
46771
46123
46672
46339
46330
46321
45844
46771
46726
46717
45862
46312
47059
46294
46213
46924
46681
46978
45979
47158
46402
46321
46303
46492
47500
47401
46150
46717
46609
47311
47851
45772
47284
46456
46276
46465
46258
46744
46933
46177
47167
46348
45907
46177
46600
46528
46015
46681
46114
46078
46276
46537
46654
46294
46960
46726
46906
47293
47113
46393
46519
46294
46195
46276
46033
46186
46699
47203
45961
46555
46231
46186
47239
46258
46321
46618
46339
46744
46240
47581
46789
46447
47104
46069
46249
46906
46942
46465
46465
46303
45898
46978
46024
46654
46141
46528
47311
46564
46249
46510
