56545
56779
56599
56779
56581
56356
56815
57004
56563
56752
56725
56419
56932
56383
56392
56752
56518
56995
56626
56410
56536
56446
56410
56338
56401
56635
56671
56779
56878
56635
56392
56509
56509
56509
56842
56707
56491
56680
56608
56437
56518
56455
56626
56896
56401
56716
56410
56698
56500
56437
56338
57139
56473
56707
56509
56446
56554
56608
56527
56374
56923
56410
56572
56338
57796
56689
56392
56869
56869
56752
56968
56734
56464
56365
56482
56365
56752
56626
56545
56716
56437
56428
56320
56419
57220
56626
56455
56509
56437
56671
56635
56590
57157
56716
56671
56374
57112
56455
56428
56707
56365
57157
56509
56617
56509
56392
56680
56410
56527
56734
56527
56545
56716
56860
56581
57553
56599
56599
56401
56635
56662
56563
56563
56689
56392
56365
56725
57121
56734
56590
56455
56635
56590
57247
56662
56608
56518
56401
56860
56536
56518
56500
56572
56428
56374
56626
56671
56491
56707
56338
56680
56419
56698
56446
56626
56491
56788
56338
56437
56428
56374
56482
56383
56419
56887
56536
57238
56365
56365
56518
56707
56536
56392
56428
57139
56491
56662
56419
56626
56653
56419
56689
56680
56554
56545
56266
56509
56770
56590
56419
56446
56572
56563
56356
56608
56563
56464
56644
56347
56581
56338
56572
56338
56860
56527
56662
56608
56689
56752
56662
56518
56428
56410
56662
56590
56473
56545
56563
56725
56473
56464
56464
56959
56671
56527
56716
56680
56689
56815
56473
56401
56473
56734
56464
56545
56302
56401
56410
56482
56536
57148
56482
56680
56761
56572
56536
56581
56455
57184
56482
56383
56689
56410
56599
56509
56482
56473
56608
56626
56419
56536
56428
56545
56419
56554
56644
56599
57157
56491
56464
56608
56338
56446
57184
56473
56401
56581
56590
56770
56905
56545
56500
56689
56500
56752
56464
56797
56725
56896
56896
56482
56779
56617
57040
56410
56617
56500
56581
56833
56662
56482
56518
56617
56563
56590
56644
56419
57562
56905
57364
56851
56599
56869
56635
56689
56860
56887
56815
56527
57220
56491
56392
56626
56491
56680
56752
56410
57238
56401
56347
56554
56554
56581
56572
56536
56419
56284
56500
56563
56536
57157
56590
56635
56653
57229
56653
56671
56752
56950
56815
56473
57472
56500
56356
56545
56581
56383
56662
56428
56617
56563
56626
56410
56779
56509
56464
56887
56797
56320
56536
56572
56356
56464
56806
56662
57994
56356
56410
56689
56401
57085
56437
56500
56662
56617
57094
56536
56455
56698
56500
57121
56779
56626
56797
56887
56392
56581
56842
56554
56680
56896
56689
56464
56482
56671
56392
56563
56572
56626
56464
56437
56527
56833
56527
57085
56662
56995
56824
56545
56509
56410
56878
56635
56914
56455
56482
56428
56392
56527
56761
56563
56518
56419
56698
56509
56365
56635
56635
56536
56374
56518
56374
56356
56743
56662
56464
57139
56554
56410
56626
56545
56788
56527
56446
56509
56293
56509
56455
56392
56698
56545
56500
56419
56572
56491
56770
56464
56617
56743
56599
56635
56905
56500
56698
57580
56617
57382
57238
56626
56788
56356
56536
56464
56581
56725
56437
56581
56581
56356
56725
56374
56590
56536
56518
56707
56446
56725
56761
56464
56743
56419
56878
56428
56554
57319
56320
57283
56482
56806
56509
56689
56950
56383
56419
56680
56995
56977
56473
56437
56410
57058
57067
56455
56644
56482
56788
56374
56707
56365
57409
56518
56365
56869
56545
56491
56608
57058
56482
56662
57436
56347
56536
56473
56455
56536
56851
56680
56635
56518
56689
56482
56437
56833
56536
56347
56563
56581
56563
56635
56644
56671
56563
56509
56509
56644
56464
56590
57238
56473
56347
56545
56644
57769
56419
56761
56446
56590
56905
56572
57121
56464
56779
56572
57454
56743
56671
56446
56410
56572
56446
56770
56464
56500
56383
56536
56464
56455
56581
56572
57211
56590
57085
56500
56518
56743
56347
56446
56572
56563
57184
56563
56788
56500
57130
56590
56365
56689
56428
56365
56644
56662
56968
56653
56491
56536
56428
56932
56518
56428
56689
56347
56572
56554
56608
56653
56662
56707
56581
56563
57265
56419
56716
56770
56581
56437
56455
56572
57004
57031
56491
56374
56734
56968
56365
56491
56653
56311
56725
56941
56518
56833
56590
56608
56482
56419
56536
56509
56689
56374
56977
56626
56527
56671
58183
56545
56572
56797
56509
56599
56968
56617
56563
56446
56608
56446
56392
56671
56473
56824
56590
56572
56842
56365
56617
56743
56329
56545
56743
56923
56545
56482
56572
56662
56464
56635
56545
56599
56410
56617
56509
56545
57103
56860
56806
56518
57013
56500
56464
56356
56392
56320
57139
56608
56608
56320
56572
56581
56464
56374
56635
56797
56383
56392
56653
56950
56527
56653
56743
56500
56446
56617
57022
56392
56365
56536
56644
56581
56383
56806
56392
56455
56779
56563
56779
56563
56455
56761
56869
57004
56941
56779
56356
56734
57112
56473
56635
56590
56518
57130
56473
56662
56437
56599
56599
56455
56986
56851
56518
56806
56842
56446
56599
56401
56707
56518
56500
56500
56653
56320
56671
56599
56770
56446
56590
56428
56356
57355
56662
56392
57256
57499
56491
56608
56437
56518
56419
56563
56617
56482
56491
56437
56383
56554
56410
56446
56671
56608
56887
56293
56500
56833
56716
56536
56545
56554
56455
57256
56500
56392
56401
56500
56734
56626
56743
56635
56419
56455
56374
57175
56779
56347
56653
56446
56365
56482
56617
56473
56311
56491
56644
56500
56536
56626
57364
56662
57031
56374
56401
56689
56437
56950
56716
56635
56284
56761
56356
56500
56599
56428
57256
57256
56500
56383
56644
56419
56644
56392
56320
56572
56464
56347
56752
56914
56464
56608
56383
57220
56599
56464
56482
56356
56383
56806
56401
56329
57103
56518
56554
56806
56572
56410
56671
56869
56527
56401
56500
56806
56356
56473
56608
56455
56365
56356
56644
56428
56617
56635
56455
56977
56581
56410
56572
56617
56833
56545
56572
56464
56572
56419
56680
56698
56446
56572
57076
56500
57499
56509
56509
56491
56680
56842
56806
56590
56959
56401
56347
57571
56671
57958
56428
56923
56707
56437
56698
56293
56590
56302
56437
56446
56401
56608
56446
56635
56500
56365
56707
56302
56581
56563
56482
56662
56725
56608
56941
56419
56500
56437
57373
56572
56437
56419
57121
56428
56842
56446
56401
56896
57076
56518
56518
56689
56509
56545
56428
56446
56572
56446
56887
56635
56698
