41353
41263
41425
41587
41542
41434
41137
41830
41434
41506
41326
40174
41560
41677
40696
40039
41470
40624
41479
41515
41281
40291
41218
41317
41407
41542
41578
41362
40822
41632
41335
41299
40543
41776
41488
41407
40012
40192
40282
40579
41452
41524
41353
39967
41434
41488
41758
40354
40390
41407
40111
40075
41146
41371
41587
42199
41461
41218
39994
41137
39985
41245
40003
41362
41632
41254
41560
39913
41308
40102
40066
41200
40147
40543
41380
41263
41605
41308
39940
41659
41362
41200
41308
41326
41434
41344
41416
41515
40345
41254
41227
41542
41128
41146
40210
41353
41326
41524
41065
41380
41686
41425
41218
41632
41857
41452
41353
41551
41920
41353
41605
41335
40102
41101
41416
40084
41173
41560
40111
40093
41641
41326
41254
40435
41335
41497
41632
41659
41290
41290
41821
40471
41038
41542
41542
40300
41578
41299
41245
41776
41047
40570
41182
41479
41695
41290
41245
41452
41173
41299
40111
41551
41335
41128
40309
41398
41668
41236
40120
41488
41623
41596
41254
41965
41290
41632
41308
41614
41335
41353
41776
41533
41416
40849
41389
41803
41308
40318
41407
41497
40030
41218
41290
41326
41470
41281
41047
41569
41254
40813
40903
41344
41542
41101
41920
41200
41119
41209
39976
41380
41128
41416
41326
41812
41155
41389
41173
41200
41587
41281
42001
41182
41335
41299
40489
40174
40363
41056
41416
41380
41911
40102
40003
41281
41290
41281
40084
41344
41254
41164
41416
41524
41668
41245
41254
41551
39967
41425
41290
41470
41317
41443
40039
41533
41209
41533
40282
41533
41389
41470
41236
41389
41362
40282
41596
41452
41407
40588
39913
39958
41236
41182
41380
40093
41353
40030
41272
40777
41281
41362
40219
41236
41407
41182
41443
41767
41506
41479
41137
41704
40066
41713
41200
41299
40867
41272
40804
41290
41389
41380
41398
41011
41317
41272
41281
41443
41623
41452
41110
41524
41830
41191
41200
41299
40417
41344
40363
41470
41524
39994
41407
40021
41344
41398
41299
41533
41047
41209
40039
41452
41650
41578
41704
41326
41776
41407
40066
39940
41371
40048
41317
40282
41164
41173
41245
41029
40507
41362
40120
41515
41587
41542
40192
41407
41407
39913
41605
41263
40345
41173
41317
41506
41470
41650
41380
40066
41497
39985
40579
41632
41245
41281
41569
41218
41515
40543
41308
40102
41488
41353
41443
41371
41164
41704
41398
41749
41434
41326
41299
41308
41209
41407
39994
40480
40642
41542
41605
41263
41290
41650
41308
41524
41893
41317
41245
40201
41047
40039
41488
40615
40903
41218
40534
41551
41317
41587
41416
41704
41317
41272
41164
40228
40345
41434
41308
41407
41362
41173
41470
41569
41371
41479
41254
40687
41200
41452
41389
41083
41623
40120
41650
41236
41335
41434
41749
41182
41569
41695
41299
41452
41470
40102
41515
41380
41389
41155
41146
41380
41551
41794
41524
39985
41353
40786
41578
41263
41488
40336
41560
41740
40822
41380
41317
41344
41155
41128
41371
41416
40939
41128
41164
39976
41596
41677
41488
40660
41479
41353
41110
41398
41371
41263
41335
40291
41299
41371
41470
40993
41524
40588
41569
41182
40228
41650
41407
41416
41353
41389
41452
41245
41866
41200
40210
41308
41551
41353
41479
41164
40273
41623
41344
41146
41200
41461
41380
41029
41254
41839
41470
41425
41110
41623
40318
40282
41479
41290
40012
41236
41182
41488
41299
40381
41353
41056
41488
41353
41236
41461
41713
41434
41416
40183
41398
40570
41308
41443
41407
41578
41551
41461
41533
41164
40138
41587
41596
41299
40471
41497
41461
41416
40417
41227
40138
40273
41290
41560
41614
41308
41290
40102
40246
41398
41470
41236
41110
40237
41641
40246
41425
41353
40147
41272
41002
41290
41623
40687
41272
41533
40120
41659
41344
41731
41362
41254
41380
41434
41596
40435
41398
41893
40696
41173
41551
40102
41245
40012
41209
41461
41587
41263
41236
41578
41380
41254
40012
40759
41461
41443
41407
41632
41272
41200
41200
41281
40138
41002
41344
41353
41524
40165
40003
41380
41398
41479
41380
40138
41218
41191
40048
41758
41353
39976
40129
41371
41335
41155
41209
41209
41002
41803
40408
40201
41416
40138
40075
41497
40462
40318
41434
41308
41416
41047
40057
40750
41740
41110
40156
41245
40201
41335
41308
41551
41218
41227
40687
41416
41659
41839
40741
41587
41290
41173
41317
41290
41479
40525
41506
40084
41443
40084
41425
41245
41506
41317
40165
40363
41209
41299
41668
41497
41731
41326
41344
41497
41713
41155
41299
41389
40849
41326
41371
41749
41596
41290
41200
40183
41596
41362
41488
40021
40867
41380
41533
41443
40066
41479
41335
41398
41632
41758
41290
41362
41416
41650
41236
41308
41425
41200
41488
40219
41425
40318
41155
41038
41362
41380
41461
41353
40084
40048
41182
41551
41497
41209
41560
41209
41551
41614
41560
41533
41137
41461
41506
41389
41416
40561
41164
41506
41542
41308
40048
41308
41272
41488
41317
40921
41641
41542
41263
41452
41533
42037
41227
41308
41029
41767
41326
41299
41209
41704
39958
40534
41173
41479
41875
41785
40183
40048
41200
41785
40660
40183
41425
41398
41623
41407
41758
41389
41596
41434
40102
41155
41254
41173
39985
41578
41083
41272
41461
40444
41299
40066
40363
41083
41425
40057
41434
41533
41623
41092
41290
41677
40012
41299
41650
40012
41299
41245
40246
41200
41497
41659
41353
41389
41623
41281
40678
41551
41542
41092
41119
41470
41371
41362
40147
41335
40273
41137
41218
41821
41731
41425
41236
41416
41281
41560
41236
41614
41479
40147
40444
41659
40219
41335
41488
40165
41335
41776
41299
41407
41020
41353
41641
41434
41848
41119
40453
41272
41434
41110
41164
41380
41371
41317
40561
39949
41533
41371
41128
41029
40768
39886
41722
40777
41074
41155
40912
41569
41344
40057
40201
41218
41398
41578
41254
41254
41362
41434
41479
41317
40903
39985
40930
41101
41731
40759
41308
41200
41398
41299
41497
40003
41335
40102
41524
41497
41488
40165
41146
40750
41353
41488
40093
41128
40219
39949
41506
40093
41785
40165
41110
41551
41380
41038
41389
41326
40165
41443
40183
41443
41578
41317
41560
40723
40030
41146
41290
41254
41398
41344
40003
40237
40381
41470
41515
41272
41200
40273
41785
41344
41011
41506
40417
41641
41407
41533
41290
41344
40219
41632
41479
41101
41452
42136
41380
41434
41335
41659
40021
40255
