23859
23823
23895
23715
23706
24444
23427
23769
23967
24246
24156
23067
23976
23490
24003
23733
23670
23841
24048
23553
23670
23481
24012
23949
23175
23355
23445
23328
23274
24534
23607
23643
23976
24498
23211
23535
24246
24228
23787
23616
23211
23265
23058
23850
23751
23526
23868
23616
23571
24111
24264
24048
23913
23589
23499
24021
23301
23796
23346
23184
23373
23823
23220
23679
23868
23328
23670
24543
23940
23454
23418
23895
23508
23715
23823
24084
23562
24282
23058
24777
23220
22995
23526
23625
23481
23994
22896
23238
23058
23265
23616
23877
23715
23634
23544
23310
23778
23454
23832
23589
