24237
22833
24363
23256
23157
23571
23742
23202
23265
23283
22833
24111
24354
23121
23913
23229
23661
23607
23661
23121
23967
23400
22887
23094
23706
23175
23292
23724
23022
23400
23796
23400
23652
23688
23616
23949
23643
22977
23283
23850
23094
23679
23184
23904
23058
23724
23130
23535
22896
23382
24939
23517
23247
23535
23508
23481
23076
23175
23427
23463
24066
23139
23769
23139
23688
22995
22824
23337
23112
22986
22833
23409
23022
23247
23076
23229
23121
23499
23166
22896
23400
23787
24318
23877
23445
23337
23490
23697
23769
23499
23292
23382
23526
23364
24102
22833
23049
23058
23940
23040
