24111
24174
24120
24120
23409
24273
23598
24039
23778
23931
23814
24183
23814
24183
24750
23814
24507
24489
24156
23922
23868
23706
24111
24696
22968
24174
23409
24084
24192
23841
24669
23508
23985
24327
23922
23490
24363
23841
23220
23607
24093
23904
24129
24093
23751
24084
24939
23472
23607
23643
24048
23976
24273
24300
23733
24039
24354
24606
23508
23544
24444
23076
24291
23922
23553
23355
23904
24813
24588
23688
23877
23706
23742
24435
23940
23922
24363
24426
23490
23841
23823
23112
25353
24228
24318
23688
23697
23175
24192
23958
24201
24795
23238
24381
23580
24174
24588
24741
23022
24885
