23706
23544
23787
24228
23562
23679
23427
24102
23724
23238
23544
24165
23652
23886
23238
23805
23292
23625
23706
23670
23634
23436
24588
24084
23400
23778
23373
23607
23634
23454
24444
23778
24273
23688
24795
24804
24048
23517
23328
23481
23643
23859
23553
23922
24318
23895
23985
24003
23814
23841
24066
23832
23913
23553
23904
24327
24210
23589
23715
23661
23760
23760
24507
23598
23724
23661
23058
23679
23625
23427
24066
23481
23562
23940
25137
23751
24156
23895
24174
23967
23571
23769
23949
23841
23634
23670
24255
24084
23463
23508
23589
23706
24210
23886
23355
24516
24129
24264
24075
23841
