24354
24552
24849
23895
24813
23328
23769
23985
23310
24156
24930
24462
24111
25425
24363
24273
23985
25686
24714
24120
23580
23427
26199
24741
23580
24129
23976
24345
24075
26361
24129
23517
23922
24255
24264
24165
25785
25668
24048
24264
23967
24273
24498
24228
24372
25011
23868
25092
24615
24228
24372
24309
24093
23697
23346
24318
23562
23508
24966
25137
23697
23895
25119
24633
25155
23643
24561
24147
25326
24786
24291
25479
25164
25020
24921
24597
23715
23688
23706
23292
23175
23886
23751
25254
24480
24930
23724
23490
24507
24435
25209
23607
23823
25164
24354
23715
25263
23760
25884
25317
