44854
43963
43963
44989
43927
43981
43927
45394
43981
43927
43981
43945
44863
44071
44881
44953
44917
43927
43981
44035
44017
44017
43999
45295
43999
44017
43927
44935
43927
43981
45565
43945
43981
43909
44035
43999
45160
44053
44737
43945
43981
43927
43945
45880
43981
43981
43909
43945
44071
43945
43981
44035
45709
44269
45331
43945
43963
44494
43963
43999
43909
46087
45106
45367
43927
43981
44089
43909
44053
43927
43981
43945
43981
43981
44809
43945
43963
45106
44107
44440
43981
45313
43963
43981
43999
45061
43945
43945
45547
43981
43945
45367
45142
43909
43927
45385
43963
43945
44584
45493
44035
44017
44017
43945
44116
43927
43981
43963
43963
43945
43927
43963
43945
43945
44188
43945
44791
44935
43927
44035
43945
44107
43981
43963
43981
44746
43945
43981
43981
43963
43963
44071
43945
43981
45421
43963
44035
43999
43927
43927
43963
45700
44017
43981
44125
43981
43963
44647
44143
43945
44332
43999
43963
43891
44872
43945
44179
43999
43927
43945
43981
45457
44017
44863
44035
44872
46015
43999
43945
44188
43927
43981
45295
43963
43909
43999
43927
44800
44089
43981
45772
43909
43999
44035
43999
45817
43963
43999
43963
43963
44035
43927
43963
43963
44053
43981
43981
45322
43963
44035
43945
44017
43963
45457
43963
43927
43945
43963
43909
43963
44071
44935
44107
44755
44071
43927
43909
43963
44899
44053
43999
43981
44071
43945
43981
44053
43999
43963
44107
44863
44683
43981
43981
43927
45367
43909
43945
43927
43981
44089
45322
44827
45007
44962
44035
44107
43963
45745
43999
45097
44656
43927
44017
43999
45448
44926
44161
44107
43945
43981
43927
46033
43981
43927
43945
45304
43927
43945
43963
44800
43963
43945
43945
44053
43945
43945
44107
45430
43963
45403
43945
43981
43999
43927
44035
44890
44017
44017
43945
43927
43927
44017
44746
44071
43945
43963
44017
44566
45673
44089
43999
45475
44035
46033
43945
43945
45961
43927
43999
44629
43927
44017
44035
43945
43927
44017
45889
43999
46231
44053
43981
43981
43999
43999
43945
43999
45052
43963
43963
43927
44710
43927
44017
44863
43981
43963
43999
44035
43909
44053
43963
44017
45457
44044
44107
43999
43981
44089
45655
43945
44692
43981
44071
44017
43999
44071
43963
43945
43963
43963
43999
44035
43981
43927
43927
43981
44161
43963
44818
43927
45547
44071
44071
44017
43963
46015
44035
43999
44035
43945
43999
43981
44035
43963
44719
44125
43909
45493
43927
45952
44197
43981
45781
43999
45637
43927
43981
44017
43981
44107
43999
44017
43945
43963
43945
44017
43963
44017
43909
43963
43927
43963
43963
44035
44089
43909
43927
44728
43927
43927
43945
43963
43981
44035
44053
43945
43945
43927
43999
44143
43981
43963
45043
43927
45889
45412
45295
43981
43945
43927
43927
43981
43909
44089
45259
43927
44053
43909
45295
43963
45295
43945
45646
44089
44017
43909
43981
47068
43981
45655
44845
43927
43963
44017
43945
45331
44107
43981
43981
43999
44017
43927
43999
43999
44053
43945
43981
43981
43963
45205
44017
43945
44017
43981
43981
43999
43927
44053
43963
45349
44035
44035
43945
43999
43927
43927
43945
43963
43999
43909
44071
43945
44899
44917
45232
43945
43945
43999
44017
43945
43927
43945
44179
44755
44422
43963
44026
44089
44845
44260
43981
43981
44476
43909
44017
45259
44899
43927
44017
44089
43963
45529
43945
43927
43999
43999
43945
44035
44089
44017
43963
43927
43909
43999
45043
43927
43927
44071
43891
44638
45799
43963
44035
44053
44017
43999
46087
44017
44017
43963
43927
44422
43927
43999
43909
45763
43999
44035
43927
43963
43927
44017
44125
44017
43999
43945
43927
43927
44035
43909
43945
43981
44071
43963
44017
44404
44035
43963
44035
43981
43963
46294
45475
45007
43927
43981
43945
46033
43945
44017
45475
44035
44107
43945
43999
43999
44017
43927
43945
45133
45457
44017
44071
43963
43981
43963
44656
43909
43927
43981
44017
43927
44350
45277
43963
43999
44827
43981
43927
44089
43963
43927
43963
44071
44125
43909
43981
43963
43963
44035
45925
44053
43927
45034
45547
43909
43927
46177
44107
43909
44035
43927
44035
43963
43999
43981
43981
44017
45493
43981
43945
44125
43963
44089
43963
43981
43945
45385
45817
44053
43981
43927
43981
44143
45061
43927
46690
43945
43999
43981
43999
44071
43945
44260
44017
43981
44035
43963
44053
43909
44071
45313
43981
43999
44071
43891
46177
43945
44692
44053
44017
43927
43963
43963
43927
44035
45979
43981
43981
43981
44035
43981
44071
44017
44179
43963
43945
43927
44071
43909
44071
44845
43927
43945
43945
44035
44017
44035
44035
43981
44053
43927
44602
43963
44053
43999
44107
43963
44035
44926
43909
45151
44737
43981
43945
43927
43927
43927
43945
43945
45952
45079
43909
43963
45439
44530
43981
44107
43945
43963
43981
45583
44035
44899
44053
45385
43963
43927
43927
43927
43999
45961
44107
44017
44071
43981
44035
43999
44071
44089
43999
44035
43981
43999
43999
43927
44053
45304
44017
44089
44035
44107
43963
44035
43981
44305
43999
43945
44989
43963
45736
43909
43927
43945
44089
44116
44017
44458
45169
43999
43999
44035
44053
43927
43909
43999
43981
44872
43945
44071
43945
43945
44989
43945
43963
43963
44071
43999
43927
44035
43981
43999
43927
43999
43909
44035
45133
43981
45178
43999
45331
43981
45385
44071
44017
43981
43999
43909
45349
44035
44035
43927
44944
43927
43963
44053
44017
44017
44107
44071
44620
43999
45520
43927
43927
44134
45061
43927
43999
44089
43945
43981
44017
43945
44053
44287
44125
44143
44017
44017
43927
45988
44584
43999
43927
44890
43981
46051
43927
43963
45781
45169
43945
44107
45223
44035
44017
43963
43945
43927
43981
43945
44404
44116
43981
44836
44053
44035
44035
43963
45295
43945
43981
43927
44026
44566
44053
43945
43999
46051
43963
45079
43981
43909
45547
45241
44017
43981
44098
44161
43999
44125
43963
43999
44017
43909
44035
45943
43963
44998
44314
43999
43963
43999
45718
43945
43963
43927
44017
43927
43927
43999
45673
44107
44017
43981
44224
45835
43945
45295
44800
45907
44197
43963
43909
44035
44089
44071
44935
45070
43963
44017
44035
43981
43963
44089
44071
44863
43963
43945
45214
43945
44035
45421
45646
45592
46249
44053
44017
43927
43945
45835
44098
43981
43945
43981
44836
44017
44089
43999
