40876
40480
41146
39922
40120
40048
40435
40273
41065
40246
40597
41623
41137
40129
40336
40138
40084
41146
40048
39895
39940
40192
40237
40057
40120
40057
41200
40390
40138
40408
40345
39886
40048
40138
40498
40021
39976
41668
40534
40327
40147
41371
40183
40669
40228
40228
41065
40039
41758
40426
39967
40345
41092
41182
40426
39904
40147
39904
40138
40003
40138
39913
40507
40498
39922
40552
40111
39994
39823
39751
41182
40156
40345
40642
40354
40102
39976
40102
39940
41029
40642
40642
39850
40840
40948
40048
41092
40012
41857
40129
39985
40057
41164
39886
40264
40948
40210
39904
40849
40111
39985
40516
41803
41002
40066
39904
40300
40327
40246
39994
40237
40264
40048
40273
39985
41803
39850
40372
41299
40192
40156
40120
39868
39850
39940
40102
40372
40030
40498
40390
40885
40048
39976
40444
40183
40966
40111
40579
39958
41110
40912
40543
39967
40003
41083
40570
40327
40579
40219
40300
41182
39958
40129
40075
40651
40318
41344
39850
40165
40597
40120
40318
40453
40021
40489
40300
41101
41452
40327
40624
40480
41245
40498
41587
40867
40318
41146
40273
40705
41533
40669
40120
40102
40012
39787
40453
39985
40498
41740
41605
40084
39931
40345
40147
40840
41641
40246
40435
40561
40219
40030
40030
39958
40822
40093
40066
41713
41596
40273
39904
41722
40345
40039
41317
40642
40174
41668
40570
40201
40894
40525
40282
39904
41497
40075
40624
41173
41164
40165
41236
40174
40336
40444
40192
39976
40327
40759
41650
40066
40615
41488
40561
41686
40048
40021
40228
41695
40156
39931
40525
40093
40408
40039
40696
40480
40012
40840
40534
40633
40255
40048
40246
41587
40426
41974
40012
40138
40066
40264
39967
40480
39967
41209
41443
39886
40120
40228
39868
40300
40615
39742
41164
41344
40552
41074
40597
40084
41218
40480
40363
40264
40093
41245
40102
41947
40012
41290
41074
41623
39922
40426
40138
39958
40417
41443
40633
40012
40066
40957
39877
40660
40138
40264
41416
40327
40174
41344
41236
41704
41560
41488
39841
40678
40777
40147
40579
40192
40066
40867
40669
40102
39994
40237
40192
40291
39742
39940
41470
40291
40561
40570
40462
40273
40840
40831
39877
40291
40372
40039
39967
40471
40057
40228
40489
40021
41731
40390
40156
40030
41416
40399
40183
40012
40129
40543
39976
40570
41569
40750
41218
40066
39922
40057
40939
40030
39823
41227
40246
40318
40237
41515
40138
39967
41560
41272
40012
41299
39913
40129
40390
40804
40102
40120
41029
41497
40336
40210
40471
40327
40435
39994
39904
41569
40066
39868
40642
40273
41686
39922
40660
39913
40066
39940
40480
40597
40471
41182
40264
41146
39886
39976
40390
40048
40471
40174
39787
40840
40246
40246
39832
40093
40138
39931
40255
40084
40552
41596
40948
41209
41587
40030
40381
41812
40426
40228
41119
40372
39868
41326
39949
40867
40030
41263
40516
41632
41596
41299
39940
40471
40264
41299
40435
39940
39895
39985
41938
41353
39832
40876
40219
40732
40246
41416
40417
40516
40228
40012
40498
40156
40741
40309
39958
39931
40354
40129
39994
40057
40399
40156
40282
41038
40642
40291
41083
42001
40057
39940
40138
41173
40390
41137
40066
40444
41146
40138
40957
40057
40174
39868
39976
40255
40057
40030
40120
40201
40534
40210
40327
41659
40534
41893
39904
40741
40174
39922
40210
39958
40687
39994
40030
40579
40174
40264
40129
40984
40957
40111
40318
40336
40660
40489
39949
41281
40147
40408
40552
39940
40939
40777
40408
40606
41812
39940
41227
39832
40588
39949
40318
42055
40300
41092
41101
39904
40552
39994
41524
40012
40381
41947
40246
39976
39949
41191
40894
39976
40255
39859
40156
40147
41110
39733
41452
39796
40228
40552
39913
39967
39976
40471
40012
40111
40228
41245
39994
40111
40120
40516
40048
40318
41281
41173
41002
41587
39940
40120
41407
40039
40075
41272
40354
40066
40048
41065
40111
41551
39922
41011
40165
40372
40192
39877
40633
41254
39850
39967
40390
41191
39967
39976
39994
40588
40660
40534
41659
40255
41794
41146
40210
41452
40336
40462
40048
40561
40300
40075
41353
40507
40057
40309
41524
41020
40966
40102
40165
40138
40174
41038
40354
41488
40273
40480
41065
40507
39868
41146
40192
41209
40471
40273
40453
40174
41092
40183
40849
41056
40093
41038
41182
40021
40804
39958
40066
40120
40372
40273
41632
39778
41146
41146
41236
40516
40903
40129
41254
40012
40642
40174
40030
40003
40174
40327
40732
40372
40192
39958
41209
40057
41056
40147
40273
40903
40102
39976
40570
40408
39877
40075
40228
39994
39985
40201
40156
41110
41191
40102
41227
39922
40489
40363
39940
41443
41767
41056
40228
41560
40093
41164
41209
40669
40048
40966
40705
39868
40273
41092
41722
40381
41920
40012
40957
40588
39832
40462
40228
40615
40588
40327
41578
41173
41542
40336
40273
40057
40111
40327
39958
40363
39895
40372
40318
40183
41308
40993
39814
41893
41524
39994
40183
41164
40084
40525
40543
39823
41047
40048
40507
40138
40192
41092
40480
41128
40318
40426
40336
41038
41515
39940
41524
41245
41335
40210
40444
40318
40777
40849
39796
40903
41920
40291
40831
40480
41263
40237
40462
40471
39805
40714
40138
40129
39895
40903
40084
40795
40300
40012
40120
40147
40516
39886
41515
40786
39832
40633
41182
41488
39922
40210
40030
41434
40462
41488
40534
40426
40660
40435
40264
40723
40219
41830
40183
40309
40084
41092
40192
40012
39859
39796
40102
41614
40030
40318
39886
41182
40192
40552
40120
40129
40687
40228
39922
39931
40246
40984
40570
41389
40201
41893
40273
40300
40183
40246
40282
41146
40102
41029
40435
40138
40804
40696
39832
41614
40246
41776
41101
41542
41128
40039
40921
41119
39832
39985
41128
39904
40426
41128
39886
40129
40858
40102
40444
40012
40210
39976
40192
40093
41659
40417
40048
40426
40273
40426
39940
41866
40228
40696
40084
40291
40282
40138
40372
40012
40201
40480
40453
40516
40534
40453
40183
40048
40282
41182
39859
39868
39985
40309
40606
40192
40822
40579
40156
40606
40354
41128
40102
40471
40048
40858
41407
41281
41038
41551
39976
40939
40264
41317
40570
39877
40363
41002
40849
40048
41695
39850
41128
40201
39859
39814
40102
40723
40318
40264
40048
40696
39859
40480
40228
40102
40201
39886
40579
39904
39958
41020
40147
40093
40138
41263
40291
40138
40318
40390
40561
41128
39958
41308
40048
40156
40147
40381
40372
42325
40255
40390
40066
40147
40264
40624
40417
40066
41002
39940
40417
39958
40138
40291
40075
40588
40894
39931
40498
40381
40588
40993
41317
40444
40309
40111
40354
40867
41398
40084
40597
40174
40327
39931
41038
40471
40102
40057
41101
40120
39958
40372
40012
40426
41011
40030
40219
40255
41164
40291
41254
39976
40363
40093
40336
40057
40102
39913
40156
40408
40228
40093
40579
39994
40048
40660
40021
40462
39886
41020
40030
41812
40300
40273
41425
40084
39922
40156
41659
41029
40111
40057
41218
40273
40084
40390
40318
40732
41002
41497
39958
40075
40444
40156
41038
40147
41281
41173
40102
40174
39832
39904
41623
40237
40345
40579
39904
40174
40696
39940
41128
40129
40804
41614
40102
40687
40210
40093
39841
41029
40102
40075
41263
41155
40597
40570
40057
40750
40255
40948
40246
40111
40021
41272
41398
41920
40435
40390
40012
40210
40174
41002
40678
40138
39841
40795
40282
41731
40138
41155
40084
40138
41074
39994
41029
39940
40426
40165
40255
40264
40408
40660
40858
39994
40705
40498
40534
40714
41911
40336
41416
41182
39886
39859
39976
40237
40246
39868
39949
40480
41047
39886
39931
41164
39814
41020
40075
40759
39976
40075
40273
40147
40948
41272
40102
40966
40255
40588
41146
40435
41479
41137
40381
41047
40156
40264
40165
41974
41335
40507
40102
40147
40309
41479
40300
39940
39814
40030
40336
40048
40345
40048
40084
40462
41236
41524
40165
40624
40039
40876
40444
39985
41245
40012
41020
40273
41038
39976
40390
41758
40948
40561
40957
40120
40111
40858
40264
40066
40858
40966
41416
40156
40516
40507
39949
41515
41704
40084
40696
40147
41776
41578
40210
40039
41569
40606
40462
40147
40291
40039
40093
40048
40237
40318
40948
40408
41659
41470
41002
40597
40246
40327
39922
40246
40192
41758
41119
40210
40246
41713
41092
41110
41290
41128
40147
39850
41533
40219
41713
39994
42100
39994
40102
40210
40039
41263
40390
41506
39913
41074
40057
40030
41587
40363
41758
40669
40426
41200
40228
40183
40435
40282
40633
41173
40309
41299
39994
41677
40147
40570
40732
40210
41515
39976
40030
40156
39913
40057
41011
40021
40390
40759
39913
41146
41290
41227
40102
40048
40606
40057
41524
39922
40120
41830
39958
41461
39814
40507
40039
40345
39814
41083
40660
40480
40300
40534
40003
39859
41488
40138
41380
40102
40120
40633
40399
40345
40102
39868
40255
40030
41137
40903
40138
40921
40372
41056
41929
40336
40219
41092
40363
40129
40507
40399
40039
40480
40264
40174
40372
41758
39877
39886
41578
41713
41596
40192
40372
40264
40300
41110
40318
40192
40525
40003
39904
41065
40399
40858
41155
40858
40174
39922
40336
40048
39715
42091
40318
40201
40021
40075
40048
41218
40228
41119
40165
40210
39931
41029
39976
40102
40039
39760
40012
40453
41173
41524
40435
40210
40120
40363
40003
40939
39985
40048
41218
40273
40021
40471
41794
40318
39976
41047
40318
39814
40138
42019
39976
40165
40894
41416
40372
40399
41119
40057
39976
40354
40183
41110
40552
41722
40237
40282
39832
39985
40237
40687
41317
40273
40264
41335
39940
41587
40057
40363
41227
40975
40057
40561
41236
40912
40156
40210
40192
41227
40174
39994
41110
40111
40687
40156
39940
40156
40354
40831
41182
41866
40066
41443
40966
39904
40030
40714
40669
40516
40165
40876
40039
39931
39949
40255
40399
40012
40030
40849
40876
40165
40174
40111
41542
40372
40822
40030
40219
41173
41254
41236
40822
40300
39841
40903
41299
40075
40255
41137
39976
40390
39958
40048
39985
39994
40147
40156
40012
41263
40273
40624
40570
39940
40426
40426
40642
39868
40021
40732
40039
40381
40084
41443
40021
41857
40030
41416
40399
40021
40300
41218
40237
40345
41443
40057
41074
40723
41812
40984
41029
41614
40606
41236
40318
40174
41614
40372
39976
40228
40444
39877
39994
40183
39985
40192
40498
40354
40435
41164
41029
40354
40336
39940
41209
40543
39913
41218
40075
40156
40156
39949
40354
40975
40453
40156
40012
40021
40435
40138
39940
39994
41407
40759
41407
40273
41344
40057
41290
40327
40111
40138
40471
40093
41380
40552
40273
41200
40318
41236
40192
39976
40471
40246
40129
40291
40588
40264
40246
40084
39805
40381
40093
40552
40138
40264
40111
41101
40111
40588
40300
39850
41488
41515
40543
41173
40120
40129
40678
39832
40255
40264
40183
40282
41218
40102
40165
40750
40120
41470
40372
40066
40093
40174
40048
41497
41182
41524
39868
40579
40624
40705
40390
40372
41290
41587
41587
41119
41020
40426
41236
40030
40228
40804
40084
40354
40525
40525
40579
40768
40660
41389
41128
40561
41380
40066
41731
40210
39841
40003
40696
41056
40165
40363
41254
40282
39940
41668
40444
41020
41497
40678
39985
40750
40471
41362
41191
41434
40363
40849
40543
40246
40084
39940
40795
39922
40210
40201
40048
40066
39994
39958
41065
40219
40399
40543
41974
40246
41749
40624
40372
39913
40507
39985
41398
40606
41308
40156
40129
39967
40174
41704
40939
40030
40444
41164
40786
40147
41164
41254
41191
40642
41632
40651
40759
40444
39958
41245
40021
40300
41632
41623
40156
40723
40318
40102
40615
39958
41290
40165
41047
41020
41524
40147
41173
40030
41074
40498
40210
40777
40084
39931
40021
41326
40363
40102
40264
40237
39868
40642
40102
39985
40012
40912
41137
40003
39958
40291
40138
41308
41299
41137
39814
41398
40462
40381
40498
40120
40867
41209
40264
40687
40219
40624
40804
40237
39985
41128
40858
40570
40462
39904
40624
39976
40030
39904
41209
40255
40318
41119
40570
41659
40426
40660
41479
40318
40120
39832
41299
40471
40075
40912
40111
40048
40066
40138
41254
40102
40219
39922
39796
40102
39895
40453
39805
40345
40300
40210
40102
41146
39760
39940
41461
40471
40120
40165
40075
39886
40174
39994
40156
40048
40246
40444
41740
40048
39985
40219
40039
40534
39958
40039
39940
41641
40480
40030
39814
40588
40354
40939
40579
40363
40435
40363
40399
39994
40651
41191
41110
40219
40255
40849
40021
40984
39796
40408
41713
40696
40840
41326
39994
40057
39931
40597
41569
40084
40093
40939
40138
39850
40507
41443
40354
40606
40021
40372
39940
40444
41596
40399
40021
40219
40318
40102
41254
41596
39967
41092
40156
40300
41056
39850
40759
40120
41677
40327
40624
40984
39958
41164
40309
40381
40354
40660
40606
40660
39904
40255
41056
40498
40273
40147
40174
40129
40048
39895
39958
40183
41263
41236
40030
39814
41641
41389
40264
40219
40228
40930
40012
40498
40399
40336
39922
40516
40147
41830
40642
40084
40039
40804
40516
39742
40111
40165
39940
40156
41389
41389
39958
40507
40840
41722
41011
40282
40354
40093
40507
41038
40318
40030
40444
41146
39886
40012
40426
41182
41101
41713
41605
40228
40579
39976
40327
40327
40237
40210
40120
40228
40120
40093
40066
40282
40363
40462
41506
40120
41533
39904
40624
41533
40282
40408
41119
41344
40210
39976
40399
41119
41020
40444
40696
40156
40885
41533
40003
39850
40408
41416
40642
40048
40300
40012
40057
40201
40354
40570
41101
40048
40651
40894
40894
40300
40696
39832
40444
41533
41164
40273
41596
40219
40084
40102
41182
40111
40543
40426
41605
40372
41470
40165
40363
40156
40570
40417
39985
42109
41290
39886
40345
40588
40039
42073
41416
40669
41308
41578
40534
39994
40345
41218
41290
41479
40318
41128
40192
40201
40120
39913
39868
41434
40318
41209
41074
40066
40408
39976
39976
41488
41110
40039
39940
41272
40318
40759
40084
39976
39958
40471
40615
40030
40750
40066
40174
40354
39958
40057
39967
39949
41056
39958
40237
40120
40138
40363
41164
40192
40309
40291
40030
41227
40570
39922
40273
41542
40309
40039
40993
40408
39850
41074
40003
40300
40138
40003
41128
39904
40165
40246
40129
40120
39787
39994
40093
41236
40552
40237
40156
40885
40372
41380
40192
40291
40237
40399
40201
40291
40264
40192
40300
40867
39994
40687
41074
39904
40012
40552
40309
41002
39868
40174
40435
40498
40228
40039
39904
41074
40165
41146
41137
40723
40237
40021
40030
41137
39949
39769
40012
40039
41011
40768
40066
41002
39940
40048
40300
40084
40066
40174
41542
39886
40300
39994
40678
41551
40111
40912
40381
39994
39850
40363
40183
40012
40201
39958
40210
40291
41848
40327
40039
40714
39958
41110
41290
40093
40336
40066
41299
39859
39868
41047
41776
40111
40138
40786
41929
40291
40363
40291
40561
40012
40192
40489
40165
41011
40678
40120
40120
40156
40624
40795
40507
40201
40102
41335
40327
40507
40336
39832
40309
39958
40921
41569
40048
41632
40048
41452
40345
40102
39904
40165
39832
41200
41344
40723
40327
41002
41515
40282
40066
40030
40030
41038
39832
41452
41209
40156
40291
40786
41128
40192
40147
40570
40192
40282
41371
39958
40723
40327
40687
41155
40327
41173
40237
40165
40210
40075
40030
41461
40120
40012
40930
40381
40174
40651
40417
40300
40660
40120
40624
41155
40534
40363
41560
41083
40462
40048
41083
40300
40435
39985
41524
40057
40093
40390
40273
40561
40156
40507
40201
40111
39940
41614
40777
40768
41074
41047
39976
40219
40246
40399
40120
40354
40291
40246
39994
40381
40678
40129
40390
40084
40111
40228
40156
40210
41443
40057
41380
40732
40039
39841
39940
40282
40264
41830
40030
40048
41182
39985
39886
40489
40417
40300
39886
40543
40093
40633
40426
39967
40534
40057
40210
41128
40084
39994
40543
40039
40120
40264
41218
40345
41587
40030
41704
39976
41056
40057
42046
40246
40552
40390
40021
39940
40768
40480
41191
40003
40066
41308
40156
41218
40687
40345
40966
41011
41524
41110
40048
39949
39805
39967
40354
40516
39850
41380
40066
40642
40192
41686
40066
40381
40741
39967
40120
40759
41020
40444
40174
40903
39994
40255
40102
40138
40444
40057
40534
40534
40705
41020
40489
41173
41389
41542
40732
40372
40255
41020
39994
40903
39994
41434
39985
40003
40273
39886
40255
40363
40039
39814
40660
40246
40579
40588
40642
40498
40696
41227
40561
40102
39877
40552
40498
40219
40471
40669
41335
40129
40201
41038
40399
40264
39922
40840
41290
40255
39976
41443
40264
40174
39949
40372
39922
40525
39805
40552
41083
40012
41173
40174
40831
40156
40210
41182
40363
40048
40489
39868
40183
40480
40165
40570
41308
40039
40255
39994
39850
39832
40390
40003
40435
39940
40021
40795
41704
40129
39958
41182
40012
39922
40741
41128
40390
39886
40696
39742
40021
40426
40120
40066
40120
41470
39796
40462
41470
41650
40282
40462
41641
41020
41344
40633
40138
39958
40291
40318
40363
40372
41749
40291
40435
40957
40363
40651
41047
40165
39958
40246
40129
41623
40444
39931
41155
39922
41065
41218
40966
40246
40462
40588
41263
39832
39868
41101
40255
40102
40714
40417
40021
41416
41209
40498
40138
40246
40084
40327
40120
40588
40021
40219
39976
40570
40327
41632
39904
41092
39913
40966
41335
41191
40012
40426
41254
41308
40687
40057
40498
41137
40210
39994
40201
40201
40228
39940
40057
40057
40282
39967
40066
39913
40426
39868
39922
40597
40462
40894
40687
41362
40444
40444
41209
39841
40660
40381
40318
40057
40084
40111
40660
40525
40363
41632
40678
41641
40453
40075
41623
40714
40399
40561
42055
40921
40480
40426
40984
40426
41209
39958
40507
41398
40273
40660
41038
39994
39949
41074
39976
40075
41038
40219
40084
40804
40624
41722
40129
41515
40390
39832
40435
41218
40021
40399
41488
41119
41299
40012
40273
40039
40120
40021
41434
39922
41227
40804
40030
40210
40012
40543
40993
39832
39985
40624
40660
41578
41470
39922
40282
40282
41920
40048
39931
40336
40561
40066
40120
40039
40453
40462
40210
40336
40165
41065
39994
40381
40435
40363
40264
40336
40534
40318
40975
40435
40012
40129
39832
40102
40084
40732
41470
39886
40309
39949
40867
41227
41092
39904
40633
40462
41272
40192
40174
40237
41146
40948
40012
41605
39958
40732
40336
41839
40255
40399
41110
40984
40345
41047
40012
41002
39904
40030
41164
40273
40273
40048
40624
40219
41443
40543
40462
39922
40408
40228
39904
40696
40354
40228
39913
39994
40156
41101
40273
40093
39976
39724
41461
40282
40561
40228
39976
40588
40750
40048
40462
40165
40129
41290
39940
40552
39922
40759
39976
41056
39850
39994
41092
40336
40174
40165
39805
40030
40030
40138
39958
40300
40273
40300
41101
39958
41020
41695
39958
40498
40084
41011
41317
40939
40057
41425
40282
41479
40390
41524
40003
40201
41605
40030
40057
39985
40453
40291
40066
39976
40021
40264
39913
40786
39904
40696
41254
39832
40399
40894
41227
40327
41506
40363
41569
41155
40471
40597
41146
40426
41254
40219
39949
39886
40345
39958
40930
41038
39940
40300
41632
40480
39832
40408
41551
41308
40273
40048
40543
39976
41173
40390
40588
40129
39922
40120
41065
40471
40354
39895
40336
39994
40516
40255
42109
40120
40570
40138
39958
40084
40129
40660
40273
39904
39832
40174
41101
41056
40291
41497
39940
40831
41155
40210
40363
40489
39985
40102
40435
40156
40480
41569
40390
40381
40210
41110
40651
39985
40282
41092
41056
40471
39922
40192
40444
39886
40192
39958
39886
39985
40237
41425
40030
41137
40219
39904
40138
41335
40210
40453
40012
39967
40066
40957
39904
41371
40786
40822
40372
40075
40012
39922
40003
39994
40516
39913
39949
40651
41740
40750
40615
40030
39868
40624
41434
39913
40219
40894
39904
41002
41155
40048
40165
40642
40534
40273
40237
40111
40561
40273
39940
40228
40021
40174
40129
40435
39697
40363
41209
41092
40255
40831
40129
40219
41407
39958
41488
39868
40408
39805
40129
40120
39976
41038
41407
39922
40147
41722
40552
39949
41245
41020
40012
40543
41155
40372
40192
40183
40291
40183
40183
41272
40129
41479
41425
40165
40030
39904
40075
40381
40237
40291
40543
40669
39994
40615
41146
40183
40354
40228
40426
39940
40174
39940
39760
40138
40606
41020
40012
41254
40120
41101
40273
40102
40606
40021
40174
40327
41101
39769
41551
41209
39976
40705
40318
40579
41434
39904
41407
41848
41083
40219
39922
40039
40246
39832
40435
39994
40228
40426
40156
39814
40057
41245
39895
40048
39922
41470
39877
41299
39994
40210
40372
40750
40390
41065
39994
41515
39967
40345
41173
41920
40417
40426
40210
40579
40138
40489
40264
40057
41002
41308
40021
40498
39886
40228
40606
40336
40084
40543
40345
41227
40732
40012
40381
41335
39922
40174
40156
39868
39805
40138
39832
40489
40210
41200
40174
41119
41047
41398
40075
40471
40453
40039
40264
41218
41191
39967
40048
39958
39895
39832
40048
40156
41281
39940
39967
39994
40678
40273
39967
40138
41614
40777
39742
40246
40876
41011
40102
39904
41317
40543
40273
41110
41488
39958
41389
39850
40651
40021
39868
40066
39940
40165
40804
39994
40291
41218
40201
39940
40048
40021
39877
40417
41344
41254
41227
41371
40102
40084
39976
40120
40363
39976
41488
40030
39922
39976
41416
40075
40246
40192
40111
40777
39832
40048
40102
40777
40138
40174
39949
40948
41569
39985
39958
41119
40066
41263
40093
41245
41155
39922
39877
40138
39976
40291
40102
40120
40705
40210
40291
39931
39922
40363
41416
40093
40408
40417
39913
39886
40372
41596
41272
41155
39967
39994
39841
40075
39742
40354
40012
41056
40372
40048
40237
40435
40390
40075
40282
40084
40075
42118
40138
40273
39994
40210
40210
41092
40138
40228
41155
40300
41191
40930
40075
41677
40255
40012
40345
40120
41146
40543
40030
40768
41290
40030
39850
40597
39985
40399
40138
40471
41128
40075
40201
40156
42145
40273
40237
42091
41587
40813
40660
40228
40255
39976
39976
40336
41749
41056
40165
41794
40588
41272
40021
40084
40210
40633
40165
40732
41425
40318
40048
40174
40588
41326
40471
40570
40399
40093
40651
40282
40093
40300
40228
40120
40309
39850
39904
39868
40219
40147
39967
40975
40156
40615
40066
41335
40408
39940
40777
39832
41578
40165
40021
40039
40363
39940
40210
40138
40516
40228
40462
40129
40507
41092
41200
40102
40678
41281
41227
39904
40066
39904
40822
40552
40552
40543
40525
40597
41020
40516
41524
40336
39958
40750
40408
40282
41389
40642
40066
40354
40237
40318
40714
40462
40507
40372
40336
40030
39922
40012
40624
40327
40183
40219
41398
40390
41056
40912
40120
40399
40462
39886
41263
40498
40336
40093
39967
41317
40444
40426
40498
40390
39976
40255
40129
40273
40165
40543
40624
40138
41290
39832
40336
40012
40003
40426
41659
40876
40273
40453
40273
40030
39778
40003
39877
40327
40588
40156
41065
41074
40426
40354
39814
40138
40606
41173
41002
41776
40255
40291
40084
40408
40363
40435
41488
39994
40039
40210
40525
39958
40021
40093
40174
40219
40327
41155
41209
40219
41110
40660
40084
39985
41506
40516
39940
40957
40480
40858
41371
40165
39940
41299
39904
40498
40966
40399
39904
41002
40696
40102
41110
40957
39895
41326
39904
39994
39886
40210
40084
40138
40732
41317
40417
41605
41875
39958
40282
41659
40966
41146
40462
40408
41128
40507
41848
41029
40120
40489
40462
40120
41308
40003
41686
40615
40579
40390
40021
40030
41236
42955
41587
40363
40732
40012
41875
41092
41110
40714
41011
42298
40453
40021
40399
39805
40129
39886
40282
39940
40336
40363
40138
40210
41272
40129
40993
39958
40390
40687
41155
40552
39859
41029
40129
41092
40093
40741
41128
41371
40408
39976
41281
40579
41074
40597
40309
39832
40498
40318
40633
41425
41398
40030
40165
40057
39958
41641
40183
40318
39967
39850
42073
40453
40237
39904
40849
40174
40147
40300
40417
39976
40480
40102
41290
40651
40192
40048
40201
40192
41785
40498
39940
41020
40066
40894
40210
40228
39976
39877
41623
41146
40183
39976
40102
40264
39994
40552
40147
41056
40417
40651
40210
41236
40084
41362
40300
40786
41434
40174
39877
40291
40174
40309
40102
41092
39994
41686
40066
40084
40246
40858
40921
40840
39985
40147
41380
40237
40039
42055
40399
41110
40093
39904
40651
40048
40390
40534
40183
40291
40201
40345
40516
39994
40300
41218
40174
40030
40039
40435
40156
41596
40309
41308
39904
40264
41137
39805
41623
40480
39904
39904
41092
40138
40039
40012
39904
40111
40588
41056
40030
41767
41002
40309
40057
40228
40489
40354
40111
40057
41047
40444
39985
41002
40282
39904
40102
41065
40012
40480
39922
40156
40894
41146
40174
41173
40021
41119
40930
39904
39949
40300
40237
40057
39922
40354
40354
40336
40597
39940
40156
40993
40498
41524
39868
41002
40750
40948
41254
40102
41425
40543
40102
40048
41191
41020
40372
40453
40012
40354
40984
39904
40264
40372
41173
40426
40588
40021
40102
40066
40228
41182
40426
40120
40129
40048
39958
40741
40003
39931
41434
41038
40273
41011
40237
40444
40525
39958
40030
40390
40156
39868
39931
40687
41245
40228
40435
40048
40336
40408
40102
40921
39940
41209
40408
41110
39976
40129
40390
40381
39994
40327
41380
40138
41065
39967
41479
40048
40201
40480
41659
40390
40057
40642
41677
41119
39976
41218
40066
40021
41839
40129
39949
40633
41317
41020
40093
40354
41668
39895
40030
41299
39886
40264
41173
40084
40093
40165
41020
41722
40435
39832
40606
41659
40597
41299
40282
40048
40390
41497
40300
39688
39994
41290
40048
40120
40246
41038
40192
41218
40309
41083
40282
40696
40228
40264
40084
40156
41470
40012
40966
41164
40066
40183
40309
40831
40282
40156
39967
39886
40300
40516
40048
40840
40093
40003
39913
40066
39940
40885
40705
41317
40030
40399
40237
39904
40858
41344
41560
40048
39958
41371
40633
40858
40093
41227
40093
39886
41092
40354
40561
40003
40264
41722
40354
41254
40507
40174
40318
40138
40453
40624
41542
40093
40282
41425
40138
40246
39850
40030
40723
40642
39949
41731
39967
39778
40147
40003
39976
40120
41506
40579
40525
42226
40210
40012
40948
41047
40390
41578
40282
39886
40390
40048
40300
39958
39994
40012
41128
39967
41434
40120
40246
40561
41623
40201
40174
40084
40120
40471
40327
40453
40768
41209
41137
40138
41245
39985
41209
40264
41794
40111
41515
40390
40534
40426
40921
40093
40282
40129
39994
40957
40957
41065
40309
40444
40462
40786
41074
40201
39994
41002
40210
40012
40318
39940
39985
40597
41200
39904
41704
40228
40633
40543
39976
40084
40498
40570
41659
40993
40066
40264
40435
39958
40129
40777
41470
40516
41596
41317
40318
40498
40300
40003
40993
40201
40012
39958
40111
39904
40453
40264
40336
40093
40498
40012
40327
40120
40030
39778
41110
40345
40309
39769
40264
40066
40183
41083
41128
40174
40381
40444
40336
41065
39940
41632
40525
40318
40120
40444
40093
41164
40093
41245
41272
39787
40264
41272
40111
41344
39850
40237
40156
40102
40057
40507
40264
40012
41164
40066
39940
39958
40255
39958
40516
40246
39931
40282
39913
40057
39940
40039
40300
41479
40363
40012
40318
40453
39967
40048
40138
41182
40012
39859
40174
39976
40327
40111
41344
40138
40768
39976
41659
40633
40273
40102
40048
39958
40615
42244
40030
39976
39922
40534
40138
40084
40579
39940
39787
40120
40372
41308
40174
41542
40678
40354
39958
39922
41245
40210
40525
41911
39958
40111
39814
40030
40039
41470
40102
39922
40543
40084
40759
40183
40147
39967
39958
40543
40246
40417
40282
41758
40174
40318
40030
40444
41380
41137
41155
40246
41065
40516
40021
40372
41056
41371
40372
41263
40156
40138
39760
41218
39814
40219
40579
41335
40336
40408
40624
40192
39895
41695
40534
40201
41182
39886
40327
39985
41362
41542
40237
39940
39931
39994
40849
40498
41326
41128
40507
40255
40390
40642
40129
41146
40453
40012
39841
39976
40696
40219
40255
39967
40363
40012
39967
40120
40021
39940
40606
40624
40300
41065
40660
40030
41002
40273
40417
40093
41668
39931
40525
41839
39976
40507
41218
40192
40156
39940
39904
40786
41623
40273
39976
41056
40282
39994
39967
41389
40237
40228
41128
40066
40120
40759
41128
39877
40426
41110
40210
40399
40246
41380
40336
40417
40363
39949
39976
40120
40003
41389
41821
40030
41623
39904
39922
40030
41497
40237
39931
41272
40678
39832
40012
40705
41182
40156
40147
40525
40561
41281
40327
40111
40561
41173
40210
41128
40156
40201
39994
40453
40147
40273
39994
40039
41200
40417
40669
40021
40273
40993
39832
39904
40120
40696
41371
39985
40093
40633
40363
41452
40030
40426
39859
40462
40714
40066
40390
39841
40048
41353
40408
40021
40453
41074
40120
40156
40588
40534
39985
39940
41155
40444
40507
41236
40300
40282
40669
41074
40102
40318
41542
41488
40174
40156
40318
39922
40426
40453
41704
40804
40858
41128
40327
40138
40732
39994
41470
39994
40192
41308
40372
39931
40255
40453
39877
40264
40111
41164
42118
40516
41146
39949
41065
40669
41128
40030
40174
41947
40363
40219
40399
39913
40138
40084
39886
39994
39994
41083
40516
40147
40012
40498
41236
40183
40084
39922
39850
40471
40129
39877
40741
40534
40201
41497
41632
41326
40174
40498
40336
40192
41020
41569
39904
40048
40462
41443
40318
40327
40093
40984
41317
39913
39940
40111
40057
39994
40363
40435
41317
40840
41110
40417
40237
41452
39994
39922
40219
40102
39886
41047
40480
40039
40048
39958
41074
41119
41551
40984
40048
41299
41290
39940
40246
41416
40057
41200
40273
40813
39958
40309
40201
40039
40381
40921
40750
40408
39940
41209
39868
39895
41173
40012
40075
40588
40642
40336
40021
40291
41209
40732
40336
40471
39949
40345
40777
40039
40291
40264
40543
40156
41371
41146
41074
40048
40093
41596
40363
40147
41695
40228
40876
40624
39868
40471
41092
40570
40174
40075
39940
41380
39886
40570
40219
40228
41110
41875
40030
40012
40363
39958
39886
40417
41002
39832
40633
41650
40687
41866
41587
40534
39796
40066
40246
41506
40417
40111
41137
40012
40219
41128
40003
41236
41173
39958
40138
40102
40093
40021
39814
41704
40021
40282
40687
40822
41326
39940
40228
39931
40291
40012
40318
40678
40057
40138
41506
40489
40021
41443
40003
40804
41344
40498
40813
40750
41533
40102
40075
40183
41065
41362
40174
39886
40633
41173
40768
40390
40102
40192
40120
39994
40084
40516
41560
40345
41164
41290
41515
41236
40777
40102
40102
40174
40507
40012
40012
40498
39976
40705
40147
40444
40201
40309
40147
40750
40489
40453
40138
41362
40363
40768
39985
40066
40390
40849
40039
39994
40075
40075
40948
40255
40984
39940
40255
41470
40300
40048
40120
39877
41416
40309
40939
40210
41470
41110
41056
40525
40525
41344
40201
40030
40084
39904
40003
41398
40210
40030
40318
41722
41110
40381
40111
40120
40138
40858
40300
40156
40930
41560
40048
40552
41677
40084
39733
40165
40120
41389
40426
41542
40399
39850
39922
40291
41389
40255
41614
40507
39967
40084
40210
41245
41110
40138
41110
40966
41101
40183
40183
40318
41785
41182
40129
40579
39868
41515
40534
40345
39922
39949
39922
40210
40057
40264
39868
40453
41317
40381
41587
40183
40300
40336
40165
40381
39976
41344
40300
40453
40579
40048
41452
40336
40174
40381
40534
41317
39994
40921
40615
40399
41155
40669
40048
40507
39904
40426
39985
40408
41353
41191
40435
40687
40354
39751
40345
40939
39904
41308
40066
40471
41263
41227
39877
41668
42055
41101
40102
40102
40516
40174
39976
40516
40354
39868
39940
40030
40012
41101
41146
39868
41560
41101
40264
40237
40183
40165
39868
40183
40210
40120
40219
40786
41371
40156
40030
41164
40210
41596
40210
40408
41137
40876
41506
41443
39976
41974
40102
40138
40264
39922
41047
40048
40084
40066
41155
41416
39940
40273
40516
39976
40327
41506
40210
41695
40336
40183
41263
41317
41146
40606
41290
40282
40201
39994
41029
40057
39886
40030
40489
40120
41452
41236
41083
40687
41353
40030
40210
41119
40084
41191
39886
40138
40057
40264
41596
41461
40408
40516
40174
40003
41857
41695
40039
40678
42280
41389
39958
40120
40255
40138
41785
40048
39841
41497
40534
41371
39850
41506
40048
40264
41443
40300
41200
41479
40336
39850
40138
40246
41038
40129
40408
40219
40489
39994
40021
41398
40066
39931
40291
40048
40894
40867
40327
40075
40201
40057
40786
40534
40813
40093
40030
40624
40048
40507
40831
39994
40174
40003
41029
41551
40237
40669
40012
39985
40102
40993
40228
40354
40075
40462
40561
40012
40498
40678
40120
41182
41218
40489
41605
39886
40435
41569
41164
39832
39976
40084
40138
41308
40192
41236
40111
40255
41092
40741
40183
39796
41812
41722
40840
40372
41074
39931
40174
41371
40633
40291
41056
41227
40426
40111
40984
40192
40651
40345
40012
40282
41551
41182
40597
41371
41632
40210
40210
40192
39904
40192
39904
40138
39958
39877
41434
40021
39967
40480
40255
39886
40237
40102
40624
40066
39940
41092
41308
40327
39967
40894
39913
41074
39994
40318
39850
39940
40174
40192
40498
40246
41641
40786
40138
39913
41884
40156
40354
40192
41596
40300
39958
41344
41344
40822
40147
41407
40678
39904
39931
40093
40993
40021
40084
40165
41110
42199
39994
40444
41065
41146
41119
40219
39967
39958
40660
40471
41398
41092
39976
40021
40048
41767
40273
40885
40993
40876
39985
40057
40336
40345
41794
40885
40102
40003
41965
40651
40093
40012
40219
40003
39913
40138
40156
41074
40300
40129
39976
41461
40426
40714
40966
41065
40642
40516
40408
40687
40354
40192
40237
41074
40381
40489
41218
41173
41020
39904
40705
40957
40048
40066
39886
40741
40381
40417
40030
41308
40363
40075
40120
40165
40084
40210
41560
40660
39994
41173
40102
41065
40345
40156
39904
40210
41974
41110
39940
40192
41281
40273
41065
41569
41389
40507
40066
40111
40093
41110
41560
39814
41218
40048
40453
41101
40066
39976
40048
40309
40120
40030
40192
41218
41110
40120
40300
40102
41506
40174
40606
40012
40624
39976
40471
41533
40129
39787
41704
40300
40210
40093
40714
40435
41542
41479
40183
40363
40390
40084
39904
41614
40651
40255
40714
41587
39994
40084
39760
40237
39796
39922
40426
40210
40201
41488
40165
40624
39976
39886
40498
39760
40138
40030
40372
40840
39877
41191
40777
40237
40102
41848
39769
41191
41497
40228
40453
39922
41488
40192
40183
41740
41245
40210
40516
40057
40291
40201
40300
40012
40039
41929
40030
41470
39922
40390
40723
41407
41479
39904
39904
41929
40048
39850
40516
40021
41209
40048
40066
40084
40246
40948
41686
41425
40822
40372
40300
39832
41299
40012
41110
40561
40948
41281
40255
40075
41083
40435
41470
41560
41947
40138
40003
40210
40183
41623
42037
40516
40489
41047
40318
41389
40282
39994
39868
39904
41641
41659
40156
41308
40282
41578
41155
40309
40282
41596
40894
41155
40111
40201
40021
40768
39958
40120
39940
39904
40129
41344
41245
40147
40021
40408
40318
40750
40048
39985
41551
39814
40390
40282
40381
41002
40876
41281
39931
40984
40057
40606
40174
40174
39868
40138
41020
39904
40300
40507
40057
40075
41659
41056
40606
39967
40759
41470
39949
39958
41272
41299
39985
40507
40075
40057
40480
40192
40111
40093
40039
39751
40291
41497
40516
39940
41884
40138
40039
40867
40111
41353
40102
39940
40498
41191
40426
40057
39886
40183
40246
40192
42082
40525
40156
40120
40543
40363
40507
40084
41389
40507
40237
39940
39760
41740
39940
40714
40246
40516
40597
40777
40741
41164
40156
41884
41335
41407
39985
40192
40075
40129
41434
40426
41191
40057
40246
40453
40300
40066
40084
40165
40885
40291
40201
40021
40984
40138
41740
39922
41074
40507
40462
40003
41308
41857
40084
41056
40516
41263
39904
39886
40453
40156
40696
41182
39940
41155
41713
41497
40129
39994
40192
41227
41155
41092
40354
41146
40597
39832
40336
39904
40093
40462
40021
40246
40282
41173
40174
39958
40408
40057
39931
41155
40156
40102
40120
40210
40372
40705
40417
40120
40327
39940
40471
40057
39913
40984
40489
40273
40129
40714
40201
40309
40813
39949
40714
39931
39922
40714
40399
40228
41092
40984
40570
41263
41281
40849
40084
40282
41065
41614
39994
41632
40120
40201
40336
40939
41605
40084
40336
41587
40066
40588
40012
39976
40678
41344
41434
40372
39940
40057
41101
40390
40318
41110
40210
40183
40642
41353
39976
40228
41767
41488
41722
41191
41272
40030
41128
40435
39940
40462
40408
40174
40174
40651
40669
40255
40984
41281
39787
41731
41101
41137
40354
40111
40777
41308
40138
40120
40084
41308
41605
40129
40255
40444
40201
41191
41227
40759
40318
41524
40678
39841
40291
40183
40156
40660
41047
40273
41119
41326
40381
41182
40111
39994
41335
40066
40120
41164
40984
41281
41209
40984
39868
41362
40408
40696
40372
41443
40030
41299
40066
40282
39715
40291
41794
41371
41272
40309
40237
40363
41281
40282
40327
40111
41488
40291
40030
40336
41155
40390
40894
40030
39976
39886
41407
41326
41137
42181
41011
40588
40570
40264
40876
41758
39913
40300
40597
40552
39994
40399
41542
40156
39904
41020
39841
40498
41533
39976
40165
40705
39886
40327
40921
39913
41677
40309
40264
40309
40093
41569
41254
40588
39922
40399
40417
40282
40246
39994
40030
40408
40057
40210
40111
42118
40174
40624
40651
41767
41326
41677
39958
41308
41245
40120
41362
41182
41677
41398
40750
41209
41677
39814
40633
40336
39994
40246
40183
40174
40291
40174
39868
40471
40966
40021
39886
40093
40435
40030
40282
41560
40084
40120
40336
40147
39886
41335
41263
40534
40075
39931
41542
40210
39967
40048
39904
40228
39886
40498
40831
39940
40534
41596
41146
39994
41344
40246
40174
40129
41749
40345
41920
40354
41146
41146
40102
40156
41596
40363
40696
40363
39994
41020
40012
40975
40345
41074
41155
40408
40264
40246
41362
40093
40201
39850
40219
39985
40057
40489
40048
41110
40048
41182
40867
40552
40588
40471
41209
40066
41749
39922
40174
40453
40246
40912
40354
40120
41101
40921
41317
40192
40615
40237
40147
40966
40390
40210
41362
40408
40291
40165
41173
41263
39976
40471
40552
39940
40246
39976
40156
40624
39994
40093
40147
40228
40174
40408
41245
40840
40669
40426
39985
40228
40165
40120
40102
40318
40975
39976
40552
40084
40399
39976
40651
39850
40543
41146
40354
40237
41083
40246
40264
40246
40192
40192
40471
39922
39814
39940
40471
40084
40363
39940
40570
40741
40102
40138
40228
41308
41758
41209
41056
41362
40030
40345
40921
40957
40480
40219
40228
40336
40966
40075
39823
40741
40147
40093
40318
40813
40336
40858
39904
40471
40516
41119
40768
40444
41749
40084
40138
39958
40246
40219
40201
40345
39868
40507
41173
41533
41101
41263
41623
39940
42037
41434
40237
40723
39886
40471
40246
40084
40102
41146
40651
39976
39823
40435
40264
39940
40174
39994
39904
40300
40237
40453
39886
40453
40102
39823
39940
40606
40075
40057
40120
40156
41407
40786
40183
40534
40606
40012
40867
40354
40345
40165
40471
40120
40282
39994
40480
40336
39958
41461
40399
40147
40021
40192
41020
41983
40354
40120
40084
40606
41596
41704
41569
39994
39940
39994
39886
40048
39922
39976
40255
41695
40336
41605
40507
40156
41029
40597
41164
39985
41560
40588
40327
39895
39967
40210
40210
40363
41272
40084
41119
40066
40282
41065
40021
41794
40147
40012
40318
40129
41110
41002
39868
41164
41146
40282
40309
40300
39994
41416
40345
41011
40192
40336
41749
40777
40318
39985
39868
40048
40327
39940
40156
40336
41704
41083
40093
40291
40138
40075
40651
40174
41893
40327
40075
40318
40192
39994
39958
40336
40120
40381
40435
40300
40183
40156
41722
41407
40210
40435
40327
40336
40561
40633
40039
40831
39958
40111
40066
40021
41641
40048
41272
40498
39976
40111
40147
40237
40156
40318
40372
40831
41236
41308
40327
40228
40363
40066
40390
40516
40012
40516
40372
40291
41344
41722
40642
40804
41389
40057
40372
40057
39976
40210
40291
40300
40480
40021
40174
41164
40210
41155
39868
39958
40444
40669
40372
40129
41047
39994
40282
40039
40264
41569
40336
39958
40093
40057
41272
40048
40246
40390
40408
40219
40561
40489
40561
40039
41290
40273
40021
40813
40345
40282
41443
40579
40084
40417
41209
40372
41659
40048
40039
39949
40273
40408
40282
40408
40741
39967
41263
40390
41002
40831
40012
40210
41002
40498
40048
40246
40030
40174
40165
41002
39886
40498
39958
40498
40048
40354
40039
40732
40327
40300
39949
39832
40912
41173
40246
40012
40138
40156
40435
39958
40030
40804
40291
40525
42028
41146
40534
41893
40291
40912
40120
40408
40012
40291
40606
40282
40084
39886
39940
39985
40561
40102
40471
40255
41146
40408
40201
39832
40273
40696
40255
39994
41272
41290
40480
41650
40012
39958
39877
40363
40084
40066
40030
40066
40111
40291
40462
40561
39949
41083
40651
40210
40138
41092
40138
40282
40444
40039
40066
40165
39913
40174
39985
41398
39850
40984
40048
39985
40228
40102
39958
40309
40714
39886
40489
41911
40066
40372
40777
40795
39895
40084
40120
39994
41065
39976
41002
40129
40588
40417
40246
39886
40516
39958
41596
40084
39814
41479
39985
40012
40984
40012
39949
40678
40228
40219
40354
40111
40066
40813
40084
40048
40480
39796
40408
41515
40786
40048
41812
39841
40003
40093
39958
41524
41830
40048
40021
40030
41614
41011
41128
40183
40696
41596
40228
40327
41470
40219
40201
39940
40183
40318
40084
40246
40507
40192
40876
40480
40588
40246
40975
41614
40219
41461
40147
40768
39949
40084
40174
41524
41209
41146
40624
41047
40300
41767
40165
40030
40714
41695
41380
40723
40138
39967
39904
41227
41182
39976
39886
40066
40210
40273
40714
40651
40507
40678
40300
40012
40021
39895
39913
40120
40165
40183
40030
41767
40075
40777
40840
41830
39994
41560
40786
40921
40624
40615
40129
40201
40156
41290
41254
40174
40102
40165
40012
40192
40453
40282
41389
41209
40570
39985
41659
41803
40453
40309
40705
42037
39931
40426
39949
40381
41092
39922
40237
40066
40102
40696
40237
40093
40147
40030
41101
40138
40336
40156
40633
41326
40030
40138
40372
40201
40390
41623
40687
40012
39823
40435
41164
40327
40426
41146
40300
39976
39868
40606
40696
40156
40525
39922
40345
41488
40354
40048
40435
40282
40867
40192
40417
41191
40246
39985
39994
40192
40588
41182
40264
39958
40561
40489
40075
41101
41020
41758
41200
41155
41758
39913
40372
40012
40444
41425
40543
40291
40138
40120
39895
40228
39841
41884
40417
41488
40552
41155
40552
40750
39976
40480
40093
40057
40462
41524
39877
40696
41533
40462
40066
41371
40093
41668
39931
40075
39976
39886
39976
40561
40408
41218
41794
40138
40228
39814
41245
40129
40714
40354
40012
39904
40246
40750
39832
42028
40075
39868
40975
40156
40669
40183
39778
40093
40768
40075
40192
41749
40120
40714
41065
41524
39994
40480
40030
39868
40399
40156
40075
40408
40435
41191
40570
40291
40093
39976
40651
40246
40336
39994
40390
40003
40606
39940
40327
40210
39994
40282
40012
39976
39904
40561
40201
41218
40336
40147
40795
40120
41065
40435
39922
40354
40390
40102
40480
39940
39832
40012
40345
40345
41137
40084
39922
41389
39931
39904
41110
39994
40390
40012
39976
40012
41218
40408
40354
41389
40417
40147
40183
40930
41119
41083
40426
41344
40336
40489
41245
40210
40318
41056
40498
40669
40192
40066
41083
40372
40030
40597
40129
39859
41731
40264
39868
40291
40705
39931
41281
41344
41281
40201
40111
40003
40408
40507
39985
40327
40642
40516
40462
40048
41218
40102
41776
40705
41083
40120
40480
40255
39949
40417
40120
39850
40660
40732
40030
40129
41623
40165
40138
41137
41371
40309
39985
40183
41056
40102
40030
40174
40570
40219
39985
39796
41623
40381
40975
40048
40039
40075
39958
41272
40111
40192
40327
40687
40237
41335
40066
40750
39904
40075
40246
40012
41182
40291
40012
41596
40381
39913
39994
40291
40066
40138
41353
40120
40732
40228
40192
40534
40075
41830
40084
40615
40723
40138
40156
41065
40624
40372
39922
40984
40219
40138
40372
40876
40426
40309
40462
39832
40471
40255
40210
39904
40039
39976
41254
39940
40264
39904
39994
40345
40570
40327
40183
40129
42064
39958
40075
41344
40498
39850
40237
40543
40273
40075
40543
40210
39994
40120
40210
41236
40462
40624
40309
40102
40579
40003
40129
40084
40129
40156
40057
40354
41110
39904
40192
39850
39931
40084
40993
40219
40507
40336
39976
40444
40192
40651
41164
40237
40039
40696
40543
40210
39940
40012
41056
40399
40174
40930
41596
39985
41038
40525
41092
39976
40282
40084
39994
40651
40273
39958
39985
41074
40165
40516
41029
40174
40327
39976
40336
40147
40669
41191
40714
40012
39994
40048
40210
40723
40048
40165
41245
40561
39940
40030
40417
39976
41245
40615
40624
40300
39949
40174
40210
40426
40381
40309
39994
40291
39868
40012
41281
40327
39904
40939
40048
40003
41344
40327
39877
41173
40336
41380
41533
39994
41587
40489
40129
41389
40003
39940
40876
41254
40264
39940
40498
40372
41182
40849
40120
41506
41218
40075
41389
40858
41155
41182
40228
41560
40516
40075
40714
40363
40012
39958
41272
40840
40084
41056
40615
41254
40426
40147
40426
41452
41254
40210
40030
41569
39904
40651
40930
40318
41551
40453
41785
40642
41173
39994
40525
40228
40354
40255
41722
40201
40327
40273
40147
40759
39958
40363
41245
39994
41137
39913
41704
40543
40309
39886
40750
39814
41128
40039
39877
40984
40291
40174
39931
40426
40138
40417
40048
41254
40354
40111
40417
40039
40255
41596
41713
40642
40129
39832
40066
40705
40210
40066
41452
41434
40696
40291
41929
39850
40039
40462
41272
40408
40147
39967
40075
40183
39958
40678
40120
39823
40741
40057
39967
39886
41119
40768
40291
41326
40435
39886
40273
40147
40228
40156
40651
40075
40345
40444
40318
40705
39994
41200
40012
39922
40120
41146
40093
40768
40111
40039
39868
40354
40228
39868
39778
41065
40021
41776
39886
40138
40642
40408
39940
40093
41731
40255
40048
40444
41551
40399
40174
39994
39994
40507
41218
41101
39769
40228
41029
40705
40903
40210
40696
41587
40372
41038
40813
39850
40858
40192
40480
40084
40048
40381
40363
41650
41821
41218
40651
39922
41533
40579
42100
40300
41218
41128
39958
40786
39940
40111
41038
40687
40237
39868
40102
39886
40543
40300
41641
40120
40030
39958
40345
40444
39994
39994
40264
41515
40597
40183
39940
39832
41452
41353
40030
41173
40642
40723
39940
41344
39922
40633
40120
39814
41011
41317
39850
39958
40336
39958
40183
41119
41461
40921
41785
41263
40246
40480
40048
40183
40525
40309
41470
39976
39814
40372
41560
39985
39985
40462
40453
39787
41128
40606
39778
40903
40390
40345
40030
40129
41083
41164
41299
40165
39940
40309
39994
40453
41164
40444
40921
41344
40030
40255
41839
40327
40048
41263
40201
40399
39994
39850
40120
40174
40201
41434
40894
40507
40048
40012
40066
39976
40093
40255
41371
39985
40471
39958
41596
40921
40201
40003
40138
41524
40192
39796
40300
40309
39976
41614
40264
39985
41029
40588
39922
41173
40003
40678
39994
40471
40336
40012
41164
39994
40084
40048
40993
40156
40165
41128
41443
40633
40624
39967
40210
40309
40480
39967
40705
39850
40066
40138
40138
40525
40399
39994
39994
40084
39985
39949
41272
40444
40984
40102
40156
39958
40786
41974
40300
40480
39994
40300
40147
39958
41092
40192
40273
40282
40327
40957
39868
40255
40219
40102
40066
39967
40471
41218
39886
39904
40507
40831
40021
40012
40354
41209
41083
39886
41110
40345
40057
41155
40291
40066
42010
41236
41587
40318
40777
40156
39976
40372
40129
40282
40264
40984
41533
40345
41353
40093
41371
39814
40714
40570
40984
40444
40408
40507
39742
40390
40156
42010
40849
40201
41128
39823
40093
40102
39805
41749
41047
41614
40120
41317
39994
41119
40678
40084
40111
41956
41209
41407
39913
41686
41560
39940
40093
40066
40363
40174
41245
39850
40552
40273
40930
40489
40057
40066
40417
40192
39949
39985
41110
40156
41560
40435
40111
40120
40498
40417
40228
40876
40138
41614
40102
41659
40570
40588
40435
40066
40165
40228
40147
40012
40156
40327
40012
41110
40390
39922
40246
40336
41308
40012
40264
40030
40039
40174
41623
40246
40030
41794
40858
40084
40327
40426
40291
40102
40480
41290
40381
41074
40237
41515
39904
39976
40174
40570
40039
40039
39913
40534
40030
40300
39958
40345
39697
40291
40354
39904
40228
40426
41191
40228
40291
40039
41056
40309
40345
41128
41569
40561
40660
40201
41056
40282
40561
40030
41866
39868
40102
40255
39976
40417
39913
40471
40993
40984
39868
39940
39859
40066
39994
40120
40309
40399
41362
39904
40030
40750
41614
40669
40003
41740
39904
40174
39886
40579
41200
41893
40291
40057
39868
40858
40372
40174
41380
39976
41128
39949
41128
40012
40165
40633
40201
41254
40237
39805
41299
41101
41218
40183
41236
41416
40381
40093
39994
40840
40048
40174
40813
40336
40030
39949
39859
40246
41524
41659
40129
40282
39976
41362
39985
41200
41020
40057
40174
40345
40831
40246
40390
41200
39850
41074
40030
41236
41074
40732
40048
40048
40183
41236
40111
40129
40318
40129
40984
40552
40318
40345
41785
39949
40363
40174
40723
41200
40831
39967
40039
40516
40453
40408
41101
41866
40984
41110
40282
41155
40246
41128
41200
40102
40507
40948
41641
39877
40579
40228
39940
39940
41695
40129
40102
41218
40318
40291
40444
40030
40651
40300
40552
40129
40138
40660
40192
41686
40282
40030
41047
40012
40129
39958
40120
40390
39931
40138
40273
40723
40507
41182
40273
40291
40669
39832
39985
41038
40696
40642
40471
40318
40210
41407
40642
40003
41128
40435
40075
40588
40444
40525
40138
39994
40174
40057
39985
39904
40579
41101
40120
40111
40048
40849
40075
41614
39886
40390
40066
40759
40606
41461
40174
41578
41227
39922
41920
41659
40291
40786
40300
40624
40336
40588
39850
41182
39877
40588
40633
40183
41002
39922
39805
40966
41011
39904
40120
40219
41380
39832
40201
40021
40147
40102
40048
40966
40228
40354
41578
41533
40273
40480
41686
41326
41056
40012
39796
40453
41074
40201
41020
40696
41506
40129
40399
40336
41614
40597
40111
40966
39886
41497
40102
40831
39940
39976
40282
40282
40030
40066
41245
40534
40246
40561
39841
40156
39913
39868
40534
41119
39940
40093
40561
40057
39832
41488
40174
40273
41263
40660
41515
40228
40354
41182
40300
41227
40048
41515
40282
40003
39859
41749
39886
41866
39886
41569
40993
41938
40192
39994
40894
41758
40813
41146
40354
40579
40903
41929
40750
39994
40579
40615
40435
40120
40291
40363
40192
40327
39922
41668
40498
40093
40012
41146
40426
40084
40930
41398
41245
40615
40201
40201
39985
40003
40264
40885
40201
40111
40048
40300
40165
39967
39886
40030
40246
40408
40372
39967
41425
39994
40237
41299
41236
40300
40813
41038
40732
41380
39976
40561
40084
40120
40138
40120
41101
40039
39895
40471
41083
40030
40696
41092
39760
41038
41263
41227
41452
40093
41515
41686
40804
41128
40210
41668
40480
41362
39922
40138
40453
40111
39931
39994
40147
40453
40021
40381
41389
40390
41866
40048
39922
41263
40066
40066
40111
41020
41416
40336
41497
40345
40327
41479
40390
40777
40192
40093
40264
40741
39913
40714
40993
40894
40210
40498
40030
40480
40885
41551
40300
39985
41416
40921
40030
40057
40660
40003
40012
39994
39913
40399
39994
41713
40723
40372
40003
40516
40057
40219
40327
41983
40201
41578
41650
40336
40606
39976
41560
40381
39841
40345
41344
40021
40507
40057
41263
40561
40246
40705
41650
40354
40327
40615
40372
41137
39958
40084
40327
40525
40093
40615
40084
41335
39976
39931
40219
40183
40444
41128
40912
40408
40156
42208
40318
41992
40156
40030
40642
40192
40246
40345
40588
40066
40300
40948
40012
41137
39868
40147
40408
40336
41632
40030
41758
40507
40048
40066
40237
41191
40399
39904
40516
40534
40696
40237
40264
40003
40057
40147
40624
40021
39859
40237
40372
40516
40615
40498
41578
40039
40417
40165
40102
39976
40147
40039
40021
39868
40282
40156
39850
40588
39994
41578
41047
40480
41020
40255
40057
40327
41164
41056
40183
40381
40147
40957
40228
40057
40363
41425
39796
39994
40120
39751
39940
40471
40183
41380
40642
41164
40345
39958
40318
40102
40399
40048
40309
41281
41650
39904
40111
40174
40156
41101
40696
40831
39895
40156
41281
40381
39958
40381
40453
40012
40111
40165
40507
40921
39913
39940
41083
41587
39913
40237
39904
40057
40237
40516
39967
39895
41533
39958
40165
40336
40156
39976
39994
39994
40246
40012
39967
40075
41020
40156
39994
40804
40237
40021
39904
40858
40507
41119
41830
40507
40273
40300
40948
40237
41452
42172
40012
40282
40525
40471
41524
40804
40210
40138
41551
41767
39940
40030
39949
41272
40102
41605
40102
40345
41137
40192
40894
41371
39832
40435
40453
41839
41407
40606
39904
39958
39940
40183
39931
40696
41290
40048
40363
40696
40192
39949
40210
40093
40075
40084
40066
39994
40408
40174
41227
40057
41533
39832
40138
39814
40462
39913
40966
40327
39904
39985
41128
40498
40048
40390
41155
40012
40147
40210
40525
40156
40030
40291
40147
41065
40507
40291
40363
40516
41578
40300
40030
40336
40120
40795
40012
40624
40624
40651
41011
40930
39994
41533
40057
40264
41182
40381
40111
40039
40336
40111
40210
41254
40111
40012
40561
40255
40282
40012
41668
40021
40849
40597
40012
39958
39958
39958
41506
40102
40957
40012
39958
39868
41119
41398
41389
40381
40822
39850
40255
40192
40498
40894
40264
40057
39877
41128
39985
40246
41128
40246
40606
40066
41830
39985
40237
41659
40273
41749
39958
40228
40291
40228
41200
40543
40192
40219
41182
39976
40003
41092
39994
40030
41497
40345
40192
41317
41173
40165
40210
40138
41074
40012
40435
40399
40417
40093
40282
40399
39904
40417
39850
41074
40192
40228
40048
40543
40084
40381
40138
40426
40183
40300
41182
39886
40327
40021
39832
39949
40129
40012
40930
40399
40048
41317
40012
41380
41578
39787
40174
40930
40993
40408
40138
41866
40237
41389
40408
41497
39967
40264
40084
40273
40084
40264
40921
40084
41110
40264
40579
40246
40327
39976
41344
40462
40048
39850
39949
40444
40381
40264
40417
41254
40030
39976
40309
40156
40696
40183
41290
40210
41299
41335
40588
40210
39931
40291
39976
40489
39967
39895
40039
40705
41443
40696
41308
40678
41380
40291
40084
40417
40039
40048
39985
40183
40120
40408
40057
41056
40381
41155
40138
39967
41299
41038
41605
40741
40228
39832
40165
40390
41263
39850
40156
40111
40570
40777
40201
40363
40084
39931
40462
39886
39904
40075
40210
41641
41758
40246
42082
41596
40174
40768
41452
40165
40480
40021
40246
41011
40237
40930
40678
40147
39886
40120
40264
40174
39778
41200
40219
39958
40462
41128
40138
40381
41803
40273
39904
39940
40219
40210
40129
40588
39931
40408
40156
39886
40426
40498
41137
40282
41308
39958
40345
39976
40120
40660
40282
40300
40822
40255
40264
40057
40210
40219
40066
40147
39805
40219
39967
39868
40525
41074
40129
40120
39940
39814
41155
40489
39940
40651
39940
41110
41173
41119
40426
39868
40390
40120
40318
39886
41110
39976
41200
39805
40003
41326
40282
39994
40300
40147
39994
41668
42118
39940
41083
40003
40408
41029
40768
40129
40336
41578
40336
39886
40291
40471
40525
41533
39886
41182
40336
41146
40453
40183
40363
40147
41110
40048
41416
40156
39949
41416
41128
41398
41290
41191
40174
39931
40012
40084
39868
41326
40471
41335
39985
40102
40048
41668
39994
41407
41956
41083
40228
40327
40147
41668
40507
42190
39886
41182
40390
39922
40399
40210
39976
39994
40318
39805
41029
39886
40147
40606
41524
40714
41317
40066
40606
40453
39967
40759
41371
40561
40030
39886
39994
40777
40183
40552
40165
41920
40291
40012
41110
40003
39976
41218
41767
39976
40894
41065
40075
40489
40039
40102
40030
39814
41992
40066
41497
39913
40579
40228
40372
40921
40300
39904
40147
40570
41290
41353
40327
40003
41038
40219
40066
40066
40120
40363
41200
41182
39994
40066
41020
40381
41659
41038
40291
40606
41353
40453
41128
39940
40750
40606
39940
40957
41407
41506
40156
40192
40714
40462
39904
40849
40444
41209
40435
40543
40732
41146
41254
41587
40552
41128
40363
40408
40507
40336
41317
41668
41173
40318
39985
40165
40678
40093
40084
40102
41155
39994
40138
40003
40003
41578
41056
40066
39742
40093
40363
40012
40408
41200
40120
41560
41596
40795
40462
39904
40030
40336
39985
41614
40480
41407
40309
41605
41668
40039
41551
41380
41812
40156
40669
40804
41074
39931
40255
41560
40327
39832
40012
40651
40012
40903
40246
40291
40102
40156
41191
40183
40381
40183
40282
41956
40489
40741
41668
40003
41290
39913
41920
40066
41398
40651
40129
39706
40147
41668
40048
42235
40219
41191
40012
40975
41623
40705
40282
41488
40867
40012
40039
41245
40021
40237
41110
39958
40093
39841
41398
40093
41164
40597
40102
40228
40291
40327
41704
41029
40012
39895
39733
40345
40291
39940
40021
40021
41245
40138
40768
40741
41758
40552
40219
39832
41920
40012
40417
40345
39886
39823
40156
39985
41389
40210
40426
41398
40363
40048
40120
40030
39859
40156
40777
41479
41110
40165
39769
40399
42280
40858
40048
40291
39850
40066
40012
41632
40570
40453
40345
40210
41839
41218
40111
40705
40309
40696
40696
40066
40255
40372
40498
41092
40435
40174
41326
40417
40129
40795
40084
39886
39994
39958
40390
39868
40876
40183
40633
40048
41074
41731
41461
40237
40138
40048
39958
40642
41335
40345
40777
39832
39832
41749
40912
40705
40705
39958
40525
41425
39922
39886
40804
40408
41461
40318
40399
41065
39850
41515
40165
40156
40138
40228
39976
40174
40381
40822
40102
40363
40156
40183
40282
40858
40030
40246
41398
40138
40408
41569
40426
39940
39985
41074
41110
41290
40138
41479
40417
39958
40174
40246
41560
39976
40417
40129
40840
41641
40102
39958
40012
40705
41344
40201
41722
39994
40381
40192
40084
40687
39985
40435
40012
40660
41047
40156
40219
40705
39922
40030
40039
40453
40507
41893
39904
39994
39904
41146
41335
39922
40381
40129
39976
41146
39940
41470
40399
41290
39949
40237
41209
40057
40309
39976
40210
40138
41047
41632
40759
41803
40174
41227
40363
41191
41299
40021
41326
40741
40003
40750
40084
41902
39841
40723
39904
40561
41137
40750
41002
39958
41605
40660
39940
40471
40480
40363
40381
40093
40237
40120
40192
39994
40003
40723
41902
40354
41056
40219
40480
40561
41632
40354
40489
41218
40120
41110
39967
40498
40300
40102
39940
40417
40480
40138
40048
40255
40048
40300
40363
40102
39940
40156
39841
41272
39994
41776
40282
40300
39994
40102
40084
40075
41074
39877
41191
40840
40417
40183
40048
40318
40012
41092
40633
40102
40093
40183
40426
40093
40273
41344
39922
40480
39832
39796
40957
40012
40156
40480
40048
40318
39985
40228
40552
41020
39967
40732
41344
40156
40651
41128
41146
40138
39886
40030
40138
40066
41317
39976
40246
40462
41209
40138
40849
41722
40282
41137
41614
40174
39832
40039
39931
39976
41524
40480
39976
40174
40354
40174
40219
40210
41533
41254
39976
41974
40192
40372
40399
40354
41587
41821
40507
40570
41155
40174
40462
40336
40147
40075
40372
40102
40453
39940
40543
40444
40165
40102
40507
40363
40093
40399
40048
40246
41038
40129
41146
41074
40795
40417
40066
39967
41596
40084
39976
40399
40039
39976
40210
39904
40066
40021
40237
40660
41353
41209
40885
40048
40507
40030
40066
39868
41362
40003
41290
40336
40741
40084
40102
40633
40489
40021
40669
40381
40390
40030
40444
40057
41245
41146
40858
40219
40156
40345
41443
40597
39895
39886
40048
40174
40363
41632
41362
40030
40660
39886
39976
40435
40345
40012
40516
40516
40588
41317
39913
40462
40246
40066
40165
39859
40624
41092
40471
40372
40228
41218
41506
41335
40381
41218
40093
40579
40183
40507
40012
39904
40372
40345
40669
39868
41218
39904
41128
40111
39931
39976
40426
40255
40165
40651
40147
40363
40237
40120
40201
41047
40156
40498
40849
39985
40480
39850
40318
40237
41218
39895
40471
40534
41866
41542
41668
40399
40525
40273
39940
40030
40966
40516
40147
40228
39922
40129
40138
39904
41407
40021
39940
40480
40264
40453
41866
40183
40192
41038
40372
40408
40282
41749
40012
41713
40741
40183
40723
40246
40084
40039
41506
40237
40444
40399
39976
40246
41029
39940
40219
40129
41182
39994
40381
40156
40957
41254
39850
40075
40012
40201
40048
40174
40057
40579
41011
40345
40399
41209
40354
40111
40291
39958
41668
40534
40147
40399
39868
40012
41164
40111
39886
40669
40066
41272
41272
40264
41083
41425
41488
40939
39913
40336
40984
39868
40192
39814
40498
41173
40039
40453
41281
40354
40030
40066
40462
41101
41407
40489
40228
41110
39994
41641
40516
39967
40030
40210
40444
41254
40273
40039
40030
40435
39985
40048
40876
40012
40201
40687
40660
40444
39796
41470
40003
40894
39958
40336
41308
39958
41254
40003
40102
41083
41533
40705
41263
39958
40192
40201
39886
40489
40489
39958
40039
40156
39886
39985
40570
41245
39904
40048
40120
40066
41245
40264
41344
39904
39976
41110
40264
40516
41056
40390
40534
40111
40408
40642
40057
41146
40201
39967
40156
40687
41992
41749
40192
40120
40372
39940
40138
40228
40687
40282
39940
40138
40147
40309
40345
40129
41956
41218
40030
39886
41191
39958
39814
40642
41227
41083
40183
40417
39976
41218
39994
40228
41182
41506
39940
40183
41938
39958
40480
40336
41389
40372
39796
40417
40273
41209
41164
41137
41803
40075
40228
41272
40309
40516
40246
40615
39985
41173
40030
40786
40012
40228
40102
39967
41614
40129
39940
40768
40561
41056
40021
40156
39976
41074
40120
41461
40255
40138
41470
40057
40273
40174
40957
40426
41794
40039
39850
40939
41344
40066
39895
40120
40345
40192
40102
41524
40084
41038
40165
40003
40021
40066
41218
40129
40624
40390
39850
39805
41605
39778
40048
40192
40381
40435
40471
40192
40012
40381
40039
40210
40012
41038
40516
40138
39904
40633
40138
40291
41272
40156
40201
40273
40633
40291
40147
41326
40471
39868
41191
39868
41299
40804
41191
40417
40660
40525
41443
40354
40201
40003
41227
40768
40534
39994
39976
40003
40138
40264
40237
40030
40120
40516
40309
41011
40165
39958
40174
40930
41641
40588
40165
40426
40138
40300
40264
40066
41938
40300
40678
40174
41524
41065
41119
40048
39850
40192
40192
40129
41263
40660
41443
40336
40075
40381
41731
40489
40048
40300
39976
40462
41110
39994
39913
40012
40444
40129
39868
41407
41065
40336
41632
40156
40237
39949
41155
40435
40741
40003
40282
40381
40030
40129
40093
41380
40525
41677
40192
40444
39958
40957
40678
40723
40309
40561
40336
40003
40264
40426
40012
39976
39985
40984
41686
40354
40876
39886
40372
41434
40246
40507
40201
40039
40777
39994
40300
41065
41092
40309
39976
39904
39976
40336
41506
40408
40417
39949
40489
39841
40084
40543
40399
40453
41137
40147
41749
41542
41371
39922
40084
40408
40417
39931
41326
40273
39850
41794
40156
41101
40138
40039
40201
40453
40696
40147
41632
40633
41056
40507
40228
41560
41173
40939
40192
39787
39904
41479
40786
40444
40444
40048
39949
41902
40048
39994
41029
40057
40408
39994
41434
39760
39850
