24894
25209
25182
25164
24606
24543
24984
25407
25290
26037
24714
26046
25002
25389
24561
24696
24876
25758
25110
25776
25290
25362
26424
26019
24696
25533
25272
25083
25155
25137
25020
24858
25128
24705
24876
25893
25146
24210
25425
25182
25722
25326
24822
24849
24453
25209
25047
25407
25209
25335
25497
25803
26091
25542
25605
24993
26127
25002
25371
24957
25029
25884
25497
25200
25731
24426
24993
25146
25038
24867
25965
24813
24516
24480
24039
25236
24876
25452
25425
25578
25254
24867
25245
24651
25191
25353
25542
25515
25047
24894
25515
25569
25245
25056
24003
24417
25695
25587
24678
24993
24048
25074
25758
25110
25371
25497
25488
26127
24687
25218
25344
24957
25209
24273
25146
25380
24705
25488
25803
25191
25191
25821
24732
24633
24867
25542
25371
25362
25974
25848
26496
25056
25299
25704
23994
25182
25200
24219
25065
25479
24282
25182
24804
24966
26010
26091
25650
25632
24651
25056
25200
25596
25182
24534
25056
24867
24822
24768
24903
24975
25569
25398
25056
25830
25173
25956
24633
24831
24129
24786
25407
24579
24966
25515
26190
25101
24525
25470
24849
24336
24975
25299
24678
24696
23958
24966
25074
24309
25443
24948
25866
25380
25884
25128
25308
25119
24453
24642
24786
25848
25785
25470
23859
24957
25452
24300
25263
25740
25038
25038
24714
25578
25632
25461
25353
25398
25506
25344
24318
24552
25767
25587
24840
25110
24777
25497
25614
24651
24975
23850
24768
26451
25956
25137
24687
25119
26190
25227
24930
25668
25038
25731
24345
25020
25740
25236
25425
24597
24696
25470
24912
24921
24399
25821
25992
25299
25164
24885
25389
24975
25632
25371
25137
25074
24885
24147
25155
25362
25623
25146
25776
26145
25029
24291
25002
24705
24498
25443
25479
25515
25074
25983
25785
24867
25101
24795
24732
25272
24957
24543
23823
25065
25452
25110
24642
25200
24426
25227
26379
25596
25344
25407
24759
25371
25146
25362
24210
24210
25173
25371
24948
25119
25506
25353
24957
24111
25254
26001
25812
25695
25128
25155
25236
24741
25335
25506
24921
25173
25353
25371
25038
25596
25893
24975
25236
25119
24498
24318
25479
24336
25002
25335
26028
25344
25353
24453
25263
24804
25146
25047
25227
24813
26388
25002
24939
24831
24669
25479
24903
24615
25254
24057
25083
25011
25335
24822
24408
24723
25686
25731
24462
24426
25461
25335
25056
25281
25155
25272
25218
25155
26037
25524
25047
24039
24993
25479
24633
25056
25524
24408
25380
24399
25065
25020
24948
24948
24651
24435
24723
25956
