24759
24210
23841
23994
24219
23841
23850
24093
24525
24201
24381
23796
23490
23643
24633
24003
24408
23931
25101
24462
24219
24228
24066
23724
24057
23814
24291
24777
24210
24228
24813
24579
24282
24219
24174
23976
23868
24048
24345
24642
24273
23787
24021
24732
23769
23625
23391
23904
24417
23823
23418
24174
24219
23832
24264
23841
24021
24849
23670
24273
24516
24354
24093
23265
23436
24480
24489
23580
23697
24660
25209
23850
24381
23976
24570
23625
24003
24426
24228
23625
23913
24498
24192
24282
24129
24309
24399
24183
24399
24777
23472
24030
24228
24057
24255
23445
23931
24138
24048
24399
23697
24282
24174
24858
24390
23841
24453
24084
24552
23985
23832
24111
23697
24507
25110
23976
23760
24156
23985
24507
24498
23661
24003
24507
24300
23778
24327
24210
23634
24273
24147
24345
23760
23949
23607
24237
24147
23967
23904
23526
24246
24516
24255
24363
23589
24030
24192
23859
23598
23535
24192
24165
24120
24588
24021
23715
23922
24381
24210
24588
24435
24210
24462
24174
24498
23841
23913
23805
23976
24021
23868
24093
24327
24489
23886
24507
25029
25029
24975
23805
24246
23976
24012
24003
23580
23940
24336
23751
23526
24228
24264
23562
24345
24291
23931
24930
23940
24039
24012
23985
24363
23931
24309
23778
23859
23508
24354
24300
24138
24750
24264
23517
23553
24345
24102
23850
23418
24030
24237
24084
23643
24525
24750
24309
23994
25254
24066
24759
24633
24183
24579
23904
24543
24498
24237
24318
24390
23940
23841
23940
24480
24300
23634
24831
23877
23454
24120
23670
24165
23607
24327
24282
24210
24336
24354
24012
23769
24273
24507
24795
23580
23715
23832
24291
24318
24372
23508
24120
23814
24066
24012
24084
23724
24282
23724
23877
23859
24255
24093
24093
23499
24264
23967
23508
25164
24147
23742
24021
23706
24039
24210
23958
24066
24354
23706
24138
24075
24606
23652
24048
23751
24426
23796
23787
24246
24138
24543
23769
24480
23868
23544
24282
24120
23661
24084
24255
24138
24372
24309
24687
23868
24102
23715
24498
24435
24093
23877
24687
24552
24354
24345
23895
24093
24084
24615
24300
24570
24165
23418
24669
24237
24444
24120
23859
23742
24174
24039
23589
24201
24363
24660
24147
23877
24336
24381
24732
24606
23733
24012
24435
24525
24237
23499
24003
24291
24147
24318
24975
24210
24696
23652
24219
24597
23868
24426
24120
24417
24183
24597
23778
23823
24363
24012
23607
23850
24354
24435
24165
23733
24255
23805
24399
24120
24093
24255
23724
23913
23787
23850
24219
