24705
24327
23778
24309
23976
24939
24579
24219
24759
26199
23886
24723
24183
24291
24174
24165
24579
24903
24291
25029
24309
23319
23877
24633
24057
24174
24489
24120
23796
25515
25083
24489
24264
23634
24723
23436
24849
24723
23589
23760
24498
23670
24606
24408
24444
25380
23832
24012
24678
24480
23805
24183
24372
24588
24129
24804
23706
25164
24678
24606
24381
24201
23535
23967
24516
24354
23607
23994
24489
24795
24624
24147
25254
24696
24786
24264
24543
24282
24471
25128
24750
24183
24552
24138
24417
24687
24759
24471
24246
24867
24507
23931
24318
24237
23625
24210
24345
24309
24048
24444
24363
24777
24633
24606
24327
24498
24336
23913
24057
24120
24057
24309
24606
24516
24237
24471
25263
23625
24489
24327
24138
24138
24831
24930
24120
24597
23373
24525
24561
23067
23967
24696
24165
23643
25245
23823
24570
24003
23454
24804
24525
24489
23994
24921
24624
24057
24678
24147
24714
23598
23769
24273
24381
24750
24345
24138
24714
24669
24588
23958
23517
24111
24201
23319
23715
25218
24165
24435
23616
24192
25227
24678
24660
23517
24048
24327
24849
24624
23643
23832
23643
23958
25236
24147
24660
23976
25344
24147
24534
24120
24678
24786
23787
24300
24975
25191
24219
24408
23823
23859
23994
24660
24408
23481
24174
24615
24282
24354
24192
24696
24876
24084
24624
24543
23877
24777
24120
24408
25200
23850
24030
24372
24219
25542
23742
23814
25047
23967
23616
23598
23598
24147
24471
24012
24408
24552
24804
24534
24615
24525
23994
24228
24183
23823
24174
23904
24345
24480
23688
23760
24138
24732
24372
24876
24615
24498
23751
24534
23706
24561
24408
24876
24390
24615
23724
24210
24975
24624
24435
24507
23850
25281
25209
23841
24633
25119
24318
24309
24579
23823
24444
24444
23391
24021
24615
24417
24372
25299
24867
25173
23967
23859
25137
23886
23895
24831
24228
24219
24669
25272
24417
23796
24570
24723
23895
24201
24084
23616
24120
24453
25506
24291
23679
24840
24282
24786
24003
24750
24525
24336
23715
24237
24309
24309
24669
23985
23652
24075
25002
24930
25407
23265
24705
25443
25155
24345
25461
24408
24750
23742
25119
24174
24444
24876
24588
24111
24066
24075
24084
24399
24147
25056
24282
24354
24642
24480
24390
24444
24228
24561
24543
24264
24462
24795
25281
23643
24507
24453
24381
24669
24273
24786
24984
24183
23769
23832
24516
23967
24678
24300
23832
24273
24777
24012
24831
24651
24408
24273
24498
24570
24246
24642
23796
24003
24093
24354
24012
23760
24300
23895
