24471
24543
24615
23940
24534
24057
24759
24867
24867
25461
24543
24732
24723
24435
24813
25101
24795
25668
24282
24525
24030
25389
26253
24255
25029
24354
25128
23904
24633
25164
24543
24381
24633
25974
24597
24795
24633
24453
24597
25191
25569
24516
24147
23679
24525
24912
24795
24120
24615
24795
25389
23985
24750
24111
24795
24651
25389
24354
25308
24210
24426
25524
25092
26478
25218
23922
24795
24381
24552
25110
24840
25263
24327
24921
24858
25308
24876
24489
24399
24471
24867
24336
24471
24309
24084
24894
24606
24237
24750
24318
24624
24336
24057
24435
24066
25182
23895
25290
23832
25020
25038
24714
24651
24894
24561
24579
25317
25299
24723
24606
23904
23949
24831
24480
25614
24471
24255
24174
24876
24255
24219
24084
24696
25668
24381
24642
23913
25497
25146
25065
24633
24750
24183
24084
24723
25083
24732
24651
25110
24615
24174
24624
24831
24318
24021
23958
24156
24408
24300
24876
25722
24615
24381
26595
24642
25146
24525
24039
24489
24471
24156
24345
24867
23868
25605
24939
24669
24687
24426
24552
24192
25353
25389
24237
24255
24840
25002
23994
26145
24669
24417
24903
24417
24804
24489
24795
24642
24597
25209
23949
24408
24147
24408
24408
25317
24579
24849
25065
24957
24156
24453
24543
24525
24462
24021
25056
24840
24309
24426
24174
24651
24732
24534
24282
26010
23823
25353
24642
26100
26838
24507
24426
24786
25290
24696
25956
25002
24129
25011
24417
25119
24723
24615
23949
24516
24345
24003
23724
25182
24705
24957
24462
24030
25074
24588
24588
24192
24480
24570
24237
24165
24354
24336
24318
24273
24498
24687
24948
25236
24156
24849
25281
25200
24219
24327
24579
24849
24210
24408
24615
24102
24561
24507
24831
25236
24696
24813
25128
24174
25479
24822
23976
24660
25362
25524
24867
24282
24678
24579
24480
24075
24885
24903
24543
24381
24885
24399
25299
24471
24822
26352
24210
24390
25686
24345
23913
25470
24435
25245
25362
25137
25803
24183
24696
25020
24732
23841
24570
24660
24606
25326
25164
24426
24039
24903
24642
25254
24156
24867
25380
24831
24066
24894
25803
24795
24021
24327
24885
23985
24219
24867
24822
25254
24471
24525
24606
25227
25245
24435
24075
24930
24372
23967
24921
24840
24453
25074
24048
24255
24606
24615
24867
26604
24615
24993
24858
24183
24399
25371
24876
24381
25704
25020
23949
23742
24327
24507
23742
25101
26145
24273
24120
24282
24192
23688
24903
24867
24210
25173
24687
24336
25119
23994
24390
24219
24480
25344
23985
24651
25002
