23823
23796
23652
23652
23337
23688
23292
23553
23346
23355
23391
24138
24120
23346
23634
23643
23904
23382
23715
23571
23607
23742
23922
23949
23589
23571
23814
23859
23508
23319
22788
23625
23850
23364
23832
23706
23895
23634
23418
23526
23400
23607
23346
23742
23733
23463
23409
23319
23265
23310
23499
23346
23481
23418
23616
23643
23103
23373
23202
23859
23688
23814
22815
23328
23553
23625
24282
23202
23544
23868
23193
23517
23751
23310
23463
22923
23436
23733
23400
23490
23382
23544
23472
23373
23382
23472
23715
23751
23724
23589
23697
23895
23265
23211
23094
23445
23994
23517
23337
23877
23652
23877
23193
23103
23517
23607
22878
23427
23661
23598
23211
23130
23202
23409
23283
23355
23517
23805
23859
23274
23508
23634
23355
23418
23742
23346
23364
23292
23625
23481
23454
23283
23193
23211
23922
23373
23553
24021
23553
23580
22887
23274
23229
23544
23733
23688
23184
23346
23832
23535
23391
23697
23490
23805
23580
23508
23364
23148
23013
23571
23301
23391
24111
23445
23895
23472
23364
23769
23274
23643
23418
23283
23796
23526
23202
23850
23643
23661
23193
23301
24138
23355
23427
23769
23463
23958
23463
23040
23508
23805
23859
23436
23364
23643
23634
24363
23472
23526
23742
23562
24525
23670
23553
23526
23355
23625
23859
23472
23229
23427
23193
23238
23652
23868
23805
23742
23805
23922
23679
23220
23166
23364
23328
23661
23436
23553
23382
23265
23526
23121
23526
23391
23544
23436
23940
23472
23823
23319
23571
23805
23427
22806
23418
23346
23553
24075
23526
23517
22905
23760
23778
23481
23661
23274
24282
23643
23580
23355
23580
23616
23688
23481
23283
23463
23913
23346
23724
23688
23778
23130
23931
23184
23598
23967
23544
23454
23310
23742
23409
23427
23337
23832
23589
23571
23895
23571
22941
23706
23265
23535
23778
23463
23778
23418
23283
23211
23094
23499
23688
23202
23472
23256
24354
23652
23427
23517
23463
23634
23427
23427
23049
23328
23643
23310
23706
23436
22986
23886
24048
23517
23976
23625
23220
24489
24048
23499
23562
23508
23148
23994
23229
23391
23580
23400
23265
24102
22923
23769
23499
23886
23472
23787
23346
23238
23013
23499
23490
23121
24057
23301
23382
23310
23337
23472
23535
23013
23571
23220
23220
23283
23832
23445
22986
23427
23634
23445
23373
23688
23337
24372
23337
23886
23769
23958
23472
23148
23949
23499
23733
23760
23301
23787
23427
23517
23634
24138
23391
23499
23148
23175
23040
23481
23715
23454
23211
23220
23589
23553
23742
23481
