23373
23940
23661
24444
23697
24147
24093
23796
24102
25677
24849
23868
25056
24822
23922
23670
24120
24471
23859
24048
23949
23967
24120
24174
24354
23985
24147
23814
23841
24687
24282
24516
24435
23832
23868
23589
24750
24183
24966
24660
24408
24246
24732
24507
25029
23904
23931
24975
23805
24768
24336
23778
23625
24003
24129
23400
24111
24435
24813
24552
23850
23643
23895
23355
24075
24768
23436
24318
23625
23526
24498
23904
23949
24363
24462
24921
24516
24048
23931
24507
23796
24930
24282
24309
24165
23760
23769
23904
24138
23634
23832
24525
24750
24570
23553
24462
24327
25659
24507
23778
24084
24471
23625
24975
24201
24120
24543
24255
24291
23742
24219
24543
23670
24867
23733
23976
25416
24210
24984
25038
25866
23976
24147
24300
24039
24201
24408
23265
24111
24759
23490
24615
23949
23436
24102
24615
23895
24075
23886
24048
24471
23778
23580
24228
24174
24390
23742
23931
24039
24840
24552
23886
24516
24192
23688
24327
24552
24156
24237
24138
23832
24426
24777
23544
24030
23805
24363
23499
23544
24480
23895
25047
23976
23904
24372
24318
24282
24084
23886
24120
23670
23895
24768
24012
24561
25128
24597
23184
24273
24399
24111
24921
24174
24246
23922
23670
23805
23697
23877
23427
24354
23868
24120
24201
24003
24138
23598
24849
24597
25209
24246
24543
23850
24309
23706
23985
24363
24615
24624
25092
24192
24048
24372
24057
24543
24561
23202
24480
24120
24849
23553
24246
24255
24516
24318
24795
22995
24363
23508
23814
24399
24471
24858
24408
24732
24084
24093
23805
23634
24606
24102
24921
23814
23976
24246
23337
24543
24993
24309
24840
24390
23346
23778
24309
23940
25083
24750
24363
24552
23463
24633
23931
24426
23643
23661
23922
23976
25065
23985
24678
24246
24300
24003
24021
24138
23967
24021
24246
23373
23994
24660
24597
24102
23877
24129
24795
24489
24651
24057
24093
25227
23805
24453
24111
23904
24084
24219
23958
23688
24264
24093
23247
24075
24597
23544
23796
24318
24282
23868
23337
24255
25038
24012
23958
24705
24399
24525
23958
24966
24516
24579
24327
23616
24687
24282
24084
23976
24597
24453
23661
24084
24318
24237
24129
24408
23904
23967
24039
24426
24246
23994
24345
24282
24381
24012
24624
25065
23787
24552
23661
24327
24813
24345
25065
24165
24192
23985
24390
25137
23616
24030
24642
24228
24462
24516
24993
25596
23778
23967
24039
24300
23679
24192
23652
24669
24129
23985
24237
24174
24129
24750
24624
23778
24363
24840
24327
24723
24525
23445
24111
