24651
24795
24516
24165
25155
25353
24408
25326
24525
24813
24300
25461
24381
23553
24246
24678
24705
25227
24669
25092
24651
24795
24984
25506
24516
23868
25452
23976
24462
24795
25299
25281
25695
24444
25344
24066
24210
24642
24624
24813
24471
24804
24462
24822
24030
24633
24696
24327
24831
24597
23949
25344
24768
24660
24633
24318
24687
25209
25101
24903
24480
24795
24147
24642
24570
24552
25137
24192
24291
24903
24714
25389
24777
24822
24597
24777
24201
24903
24822
24021
23868
24930
25281
24588
24390
24156
24246
24183
24129
24597
25317
24273
24588
25083
24075
25362
24660
24669
24273
24462
25173
24255
24840
24552
24786
25389
24480
24966
24732
24669
24615
24831
24543
24480
24624
25335
23445
24318
25335
24624
24759
24300
24714
24093
24570
25407
23643
25542
24318
24849
24849
25245
24624
24264
24759
25056
24489
24687
24246
25740
24480
24894
25065
24363
24777
24921
25281
24381
24534
24246
25083
24984
24489
25389
24165
24291
25164
24669
25119
24822
24120
24435
24822
24822
24867
24570
24039
24741
25668
24318
24723
24687
24336
24759
24903
24021
24759
24399
24885
24543
24201
24930
24111
24138
24903
24876
25965
24696
24246
24642
24795
24354
24525
24768
24345
24957
24282
24948
23967
24219
24246
25029
24111
24561
24750
24732
25542
23877
24219
25137
24462
25488
25173
23670
23760
23625
23346
25173
25452
24129
24534
24894
24174
24804
24003
24876
24867
24408
23913
25173
24750
25038
24408
25011
25056
24264
25722
24084
24363
24831
25443
24669
24264
24084
25344
23796
24705
24300
23814
25065
24903
24759
24336
24831
24930
25524
24534
24768
23931
24066
24390
25092
23877
24948
24759
24714
24948
24867
24642
24543
25407
25092
25299
23742
24615
25056
25110
24705
24534
24507
24759
24480
24156
25002
23787
24003
24822
24588
24570
24750
24687
24534
24867
24561
24786
24795
24642
25191
24552
25362
23814
24930
24921
24714
24822
25029
24111
24534
25650
24156
25326
24048
24084
25326
25254
24678
25200
24318
25038
24138
24552
23229
24741
24336
24174
24678
24336
23742
25182
24642
24930
24759
24336
25011
24966
24399
24759
24426
24309
24381
24138
24273
24264
24093
25497
24174
25569
25254
24174
24552
24309
24588
24723
24363
24813
24111
25416
24444
25101
24111
24228
26154
25335
25470
25398
24372
23994
24813
24867
24930
25434
23976
25191
24804
24831
24615
24696
24615
24750
24183
24291
24345
23967
25218
25416
23940
24084
24705
24867
25119
24723
24480
24633
24741
24219
24579
25452
24489
24939
24057
