25254
24165
24984
24327
25155
24966
25569
24390
24426
23868
24507
26703
24480
24570
24867
23895
24696
25308
24633
23841
25542
24984
25308
24993
24723
24516
23751
25110
24435
24939
24552
25425
25164
25290
25245
25083
25614
24156
25254
23850
24489
24147
24192
25110
25236
24660
24840
25281
25209
25479
24993
25749
24849
24984
24264
25326
24831
24498
23886
24417
24696
24570
24552
24237
25254
24435
25128
24210
24642
24129
24822
24390
25209
25002
24912
24309
24624
25551
23526
24921
24237
23481
24561
25056
25146
24768
24786
25002
25218
24048
25209
24273
24219
25119
24579
24318
24138
25191
24804
23958
24363
24489
24714
24534
24795
24903
24399
24534
23958
25101
25200
24543
24336
25245
25173
25434
25092
25200
24201
23562
24876
25695
25362
25137
25065
24318
25047
24669
24552
24435
24030
25362
24894
24525
25407
24885
25110
24669
25299
25110
24381
24795
24030
25704
25182
25020
25416
24291
24075
24291
25281
24426
24885
24210
24534
25245
25299
24921
24885
24687
25272
24750
24696
25236
25551
24939
24957
25398
25038
24993
25110
23886
25173
23823
24723
24732
24768
25092
24804
24723
25434
25083
24507
24840
25020
23850
24858
24804
24696
25425
24642
24597
24579
24057
24588
24165
24507
24651
23922
25155
24966
25281
24705
25506
25272
24363
24687
25326
24462
24921
24462
24633
25272
25344
24624
23967
24984
24813
24858
24327
24480
24858
25038
24453
24723
24552
24156
24489
25326
24867
25137
25092
25209
24921
24939
24408
24093
23940
23688
24921
25056
25803
25398
24849
25587
23832
23922
24570
25056
24336
24381
24471
24426
23859
24831
25092
23949
24192
24750
24966
24534
25668
24498
25011
24984
24795
24552
25164
24552
24390
25038
25524
25524
25425
25686
23706
25038
24669
25101
24894
25353
24822
25128
23994
24561
25812
24174
24903
24507
24840
25281
24291
25245
25524
25110
24129
25290
24687
24669
24048
25191
24669
24417
25056
24318
25227
25281
24894
23967
24129
24048
24444
25551
24912
25731
24822
25146
24588
24750
25128
24921
24480
23913
24201
25065
24597
24957
24732
25020
24408
24210
25164
25065
23499
24975
24192
23832
24525
24606
25344
25290
24930
24354
24498
24984
24435
25740
24948
24678
25047
26145
24741
25182
24696
25281
24930
24759
24849
24867
24885
24939
24867
24111
24381
25200
24993
24642
25272
24705
24138
25191
24561
24903
24858
24570
25038
25443
24201
24903
24867
24777
25686
25245
25038
24903
24723
25596
24777
24462
24525
24345
24777
25092
24408
24957
24732
24930
24390
23922
24975
