25047
24471
24660
24291
23292
24489
24201
23976
23787
24399
24174
24723
24147
24372
24822
23778
24444
24012
23985
24291
23967
23922
23634
24975
24840
24291
23904
24741
24795
23823
23805
24399
24102
23661
23796
24606
23508
24453
23508
24714
24408
24336
24615
24228
24039
24588
24633
24012
24300
23985
24102
23580
23580
23607
24012
24120
23760
23715
24372
23553
24255
23949
23931
24156
24219
24030
24075
23967
24219
23364
23940
23499
24300
24417
24381
23976
23922
23526
24309
24201
23625
23940
24507
24012
24048
24480
24282
24201
23670
24228
23949
24084
24111
23652
24516
24219
23814
24264
23886
23706
24129
24426
25173
24093
24687
24066
24417
24174
23688
23292
23796
23976
24426
24111
24561
24183
24021
24255
23877
23310
24138
24021
23571
23643
23733
24390
23526
24867
23832
24102
24651
24417
23850
24255
24147
24264
24012
23868
24219
24102
24570
24588
23967
24471
23877
24453
23697
23553
24282
23796
24759
24129
24210
23607
23481
24651
24237
23616
24183
24399
23949
24066
24084
24273
24453
24597
24354
24039
24282
24012
24039
23859
24651
24237
24516
23778
24282
24102
24102
24048
23985
24813
23814
24093
23958
24192
23742
24246
24237
24615
25083
23949
24012
24066
23661
24102
23814
23643
24237
24075
23733
24354
23499
23895
23922
23697
23877
24327
24156
24021
23787
24327
24183
23994
24039
24786
23976
24111
23769
23796
24768
23760
24102
24264
24120
24471
23886
24615
23841
24003
24093
23940
24111
24885
24057
23652
23940
24624
23652
23778
23643
24912
23922
24066
24282
24309
24381
23823
24156
24822
23850
23796
23841
24624
24255
24120
23832
24651
23796
23850
23994
23958
24210
24651
24354
24075
23949
24138
24714
23796
23697
24228
24039
24030
23751
24129
24867
24237
24093
23598
24480
23949
24624
23526
23724
23967
23895
24246
24291
23742
24264
24273
24165
24156
23787
23814
24345
24714
24678
24372
24138
23652
24498
24399
24246
24273
23877
23931
23967
23895
23859
23913
24138
23895
24840
24588
24768
24354
24570
24309
24498
24039
23787
24516
23805
24066
24084
24381
23904
24183
23571
24237
23706
24930
24435
24372
24129
24426
24669
24975
24588
23994
24291
24012
23670
24372
23661
24012
24057
23742
24390
23724
24282
23778
24318
24966
24552
24408
24066
23868
24165
23886
24462
23364
24372
24039
24381
24048
23679
23832
24039
24111
24381
24003
24003
24192
24318
24840
24291
23859
23922
23841
24408
24597
24489
23688
24120
24390
23517
24066
24012
23976
23220
23985
23616
24930
23976
24210
23661
23976
