24489
24633
24723
24219
23850
24165
24480
24804
24642
24363
24273
24579
24138
25065
25137
24354
25110
25416
24858
24489
25749
24606
24993
25155
24768
24840
25056
24345
24777
24507
24516
25029
24966
25344
24876
26397
25182
24930
24597
24183
25191
25407
24174
25155
26379
25344
25101
24453
26451
24849
24795
24795
24867
24552
24435
25929
25038
25452
24840
25713
24804
24966
25335
24660
24786
24660
24633
24606
25209
24894
24318
24399
25479
24759
26406
24606
25326
26316
25020
23940
25452
24399
24138
25380
25974
24813
26055
25272
24957
24183
24417
24624
25794
24660
24579
24516
24390
25335
25452
24588
25227
24345
24948
24282
25119
24651
25335
24903
23994
25344
24624
25317
25002
24759
24516
26073
25362
24336
24174
25119
25632
23850
24786
25362
25065
24390
24120
24300
25308
23886
24642
24795
24462
24084
24903
24606
25650
24426
24489
25011
24795
25326
24372
24075
25101
24795
24318
25515
24948
24741
25236
24300
25605
25056
24912
24453
24993
25803
24237
24660
24264
24948
25551
24588
24282
25245
24867
26217
25308
25290
25119
24336
24984
24030
25047
24408
25146
24633
24705
24075
24939
26415
25560
25452
24570
24363
24633
24831
24867
24075
24885
24192
24435
25137
25362
24309
25092
25497
24462
24705
24588
24318
23895
24741
25470
25002
24615
25263
25515
25812
24453
24417
24930
24462
25038
24777
25137
25038
25875
25020
26577
25578
24408
24462
24714
24174
25371
25218
24444
24741
24723
25560
26226
25020
25632
24336
25209
24732
24858
25281
23967
24525
25011
25182
25560
24660
24264
24291
25263
25056
24777
26964
25164
24417
24264
25155
24228
24534
26262
25146
25209
25047
25398
24759
25956
24084
25281
24354
24237
24471
24588
24696
24345
24732
24741
25461
25713
24399
24534
25119
26352
24570
24480
24390
24552
25029
25164
24957
24309
24750
25902
25056
24741
24705
24381
24705
24408
24957
25245
24768
24201
24399
25470
24732
25254
24336
25137
25128
26460
25362
26028
24525
25191
25524
26028
24876
25425
24849
25299
25551
24948
24174
26082
24399
26361
24579
25056
25110
24984
24975
24984
25128
24435
26163
24966
24948
24777
24840
25407
25083
24606
24804
24669
25047
26577
24039
24084
24291
24057
24516
25956
24633
25443
24894
24750
24849
25110
25380
24543
24552
24057
24849
24912
24381
26190
24678
24291
24300
25101
25551
24651
25137
25839
24993
25515
26388
25101
25578
25713
25209
24840
25407
24642
25821
24669
25371
25848
24345
25137
24741
26280
26910
24885
24291
25659
25443
23940
24642
25020
25695
