23445
24012
23445
24084
24030
23589
23652
23427
23769
23715
23976
23598
24255
24264
23373
23463
24021
23949
23301
23913
23985
23940
23805
23652
23850
24192
24021
24417
23805
24525
24363
23256
23841
23580
24003
23805
23769
24003
24111
24039
24111
23598
23787
23814
24003
24102
24102
24498
23292
23886
23796
23400
24615
24444
23616
24093
23580
23940
23715
24012
24624
23148
23805
24012
23976
23985
24066
23967
23823
23949
23499
23724
23634
23922
24174
24300
24066
23670
24246
22995
24813
23400
23985
24399
24237
23301
24156
23751
23958
23967
23310
24606
24210
23742
23796
24201
24525
23562
23859
23481
23859
23553
24102
23868
24552
24408
24147
24552
23796
24030
23310
24381
24012
23319
23922
23760
23391
23562
23508
23580
23481
23634
24012
23580
23598
23688
23643
23670
23535
23598
24075
23787
23904
23904
23796
23670
24336
24039
23562
24048
24192
24075
24030
23625
23778
23373
23814
24444
23481
23553
23292
23553
23985
24093
23643
24066
24165
24498
23742
23904
23877
24084
24129
23400
23310
24003
23931
23778
23688
24138
23562
23697
24480
24291
23535
23796
24390
23724
23499
23301
24669
23958
23724
23607
23733
23607
24093
23427
23760
24129
23067
23976
23976
23481
23346
23346
23904
24156
24084
24363
24039
23832
23850
23652
23823
23967
24318
23760
23913
23346
23787
23940
24183
23634
23796
23850
23796
23751
24057
23265
23580
23778
23688
24012
23517
23742
24192
23922
23976
23616
24174
24417
23544
23904
23976
23220
24318
24777
23346
23256
24075
24093
23994
23805
24120
24480
23967
24147
24102
23373
23958
24210
24381
24948
23364
23904
24012
24129
24084
24021
24390
24120
23598
23589
23436
23958
23481
24120
23634
23868
23661
24084
24174
23499
23427
23625
24129
23697
23499
24237
23283
23643
24075
23778
23490
23859
23400
23733
24327
23688
24453
23670
23751
23472
23634
23553
23985
23913
23859
23940
24381
23697
23337
23994
24318
23598
24327
23229
23616
23823
23796
23544
23940
23823
24201
23382
23499
24057
23571
23481
23598
24093
23877
23922
23562
23562
23121
23625
23742
23499
23796
24291
23931
23517
23940
24624
24030
23607
24525
23634
23823
23409
23814
23805
24219
24237
23526
23535
23733
23292
23715
23949
23913
24057
23364
23715
23931
24399
23679
23661
24183
24570
23607
24642
23274
23751
23526
23760
24111
23706
23805
23913
23733
24120
23967
23787
24039
23742
23589
23715
24174
24147
24084
23868
23364
23580
23949
23796
23535
23751
23670
24381
23409
23598
23679
24714
24282
23310
23940
23499
