23580
24435
24372
23454
24066
23661
24309
24165
24129
24462
26469
24408
24435
23364
25308
24327
24147
24570
25119
23886
24840
24228
23679
25461
24156
23589
24255
26631
25011
24192
23526
24939
25164
24381
24228
23985
25596
24327
25308
24588
24228
26037
24750
25182
24498
24417
24786
23616
26154
23940
24885
23670
23481
23877
25218
24975
23877
23976
25659
24048
24003
25047
25308
24012
25668
23229
25119
24552
25398
25497
25308
25758
23877
26163
24255
23796
24237
24939
26100
23670
24732
23805
24228
25092
23607
23724
25317
23697
23823
25056
24957
25515
24732
25245
24309
23985
23940
25002
24039
26280
24381
25038
25137
25227
24579
25443
25407
23445
23706
24345
24975
24219
24516
25326
24453
24489
26226
24471
25524
24687
25056
24660
24048
25938
23868
25083
24120
24075
25083
24444
25362
24345
25524
25299
23661
24327
24399
25173
24363
23778
24291
25848
25506
25479
25479
24291
23976
24210
26226
25290
24669
24318
25317
25398
25641
25029
24201
24660
25812
26379
26181
23796
25191
24471
24993
24264
24291
24885
25821
24426
25299
25173
25056
23895
24165
24390
24111
24300
25092
24714
24030
23868
24165
25164
23706
23697
24309
24543
24003
23922
23940
24354
24408
25578
26289
25353
24993
25407
25596
23670
25740
24282
24219
25092
24984
24471
25434
24480
23724
24921
24372
24984
25704
24309
24363
26208
24210
23742
23373
25956
25065
24813
25605
23922
25587
23949
24714
25254
24138
24399
25488
24831
24939
24849
23733
24417
25974
24651
24696
25263
24678
24102
24813
24273
25389
24363
25245
24174
25434
24354
24372
24183
25119
25443
24462
23454
24372
23607
25335
24228
24273
23940
24300
24399
24642
24102
25812
24480
24030
24057
25947
24066
24858
24588
23841
24417
24705
24174
24039
23634
24102
25587
25551
23571
23913
26172
24462
24957
24408
24678
24948
24975
24975
23625
23427
24399
24741
23670
23517
25938
24948
24579
25488
24426
24444
25281
23931
23841
25038
24048
23895
24696
25416
25380
25452
25713
23994
24606
24075
26226
24597
24318
25047
25722
25605
24921
25407
24165
23634
25029
25245
26199
24813
25776
24084
24228
24210
24867
25848
25686
24417
24183
24453
25569
23571
24111
24678
24336
25542
25272
23805
25146
23670
25182
25182
25677
24111
24516
24768
26091
25425
25236
25578
24228
24039
25173
24030
24372
24372
24588
24480
24372
25407
24669
24363
24498
23994
25821
25326
24192
24588
23598
23454
23607
24003
24642
24912
25074
25137
24318
23823
24759
25839
24579
24723
25398
25974
24336
25074
24615
