23913
23850
23382
23850
24210
23337
23697
23391
24327
23184
23517
23571
23760
23319
23256
23958
23904
24075
23751
23985
24030
23076
23364
23805
23904
24615
24885
23895
24588
23985
23823
23904
24219
23445
24282
23400
22869
23589
24111
23589
24147
23175
23742
23652
23886
23679
23427
24282
24984
23742
23697
23355
23490
24075
23940
23553
23544
23967
24210
23634
23967
23400
23571
23877
24057
23805
23652
23553
24309
23553
23238
23670
23112
23769
23220
23139
23301
22905
23031
23418
24471
23661
23589
23076
23391
23265
23526
23661
23724
23895
24048
25470
23364
23409
23679
22743
23112
23373
23562
23211
24300
23463
23499
23697
24444
24408
23148
23868
24093
24363
23832
23427
23346
23922
24561
23346
23868
23436
23427
23301
23742
24507
23976
24552
23895
24021
23895
24471
23652
23157
23454
23652
23868
23733
25056
23733
23886
23751
23481
23499
23445
23814
23526
24408
23571
23814
23184
23634
24192
24660
23850
24426
23940
24975
23778
23796
23733
24462
23643
23202
23454
24327
24327
23913
23751
23661
23715
24057
23499
24246
23463
23931
23661
23373
22950
23274
24687
24282
23175
23832
23346
23580
24129
23508
23760
23958
23103
24336
23310
24462
24030
23787
23787
23607
23706
24660
23058
23148
23211
23373
24417
23382
23427
24408
23481
23778
24696
23544
22887
24453
24381
23364
23760
24192
22932
23562
23922
23247
23634
24255
23796
23778
24795
24048
24192
23526
23256
23571
23733
23850
23535
23688
24012
23409
24444
24129
23247
23373
24048
24003
24498
23760
23652
23355
23103
23229
24228
23526
23787
23562
24597
24084
24948
23427
24579
23742
24084
24075
23724
24678
23778
23976
23661
23778
23859
23535
23274
23796
24561
23670
23949
23859
24246
23805
23499
23733
24291
23427
23949
23481
23634
24174
24264
23832
22833
23661
24039
23085
24498
23490
23796
23796
23391
23472
23634
23409
23436
25353
22986
23607
24129
23616
23166
24264
23625
23598
23697
23715
24300
23508
24327
23346
23139
23670
24174
23544
23418
24894
23895
24579
23769
23877
23895
22851
23463
23301
24201
24075
23598
24057
23958
23931
23517
23976
23400
23688
23895
23625
23652
23706
23265
24156
23697
23787
24588
23922
24030
23382
24471
24498
23508
24219
23679
23310
24093
24300
24057
23031
24309
23823
24336
24048
23112
23742
23778
23787
24111
23220
23391
25011
23508
23076
23247
23895
24183
23805
23940
23634
24147
23850
23796
23904
23607
23931
24111
24255
23787
23382
23985
24372
23913
23157
23985
23706
24129
24120
23913
23526
23607
23715
