23814
23445
23544
23283
23040
24030
23517
23562
24219
24201
23877
24084
23589
23517
24354
24246
23787
23193
23625
23652
24273
23805
23688
23598
23193
24039
23742
23967
24138
23661
23283
23247
23481
23508
23013
23706
24084
23544
23670
23274
23553
23985
23292
23832
23454
23841
24345
23472
23967
24552
23814
23877
23508
24273
23661
23292
23202
22968
23589
23508
23859
23949
23427
24021
23688
23454
24075
23661
23238
23382
23643
23814
23553
23292
23175
23598
23832
23535
24291
24039
23742
23427
23607
22995
24615
23625
23535
23553
23994
22941
23742
24093
23652
24138
24183
23607
23472
23211
23490
24480
23850
23670
24093
23562
23994
23922
23031
23193
24030
24498
23463
24183
23985
24237
23886
23634
23922
23580
23967
24651
23562
23418
23193
23139
23697
23328
23778
23607
22977
23832
24624
23688
23463
23337
23778
23247
24597
23796
23967
23355
23265
23850
24048
23562
23652
23454
23949
23535
23391
23859
23166
23733
23076
23463
23877
23760
24147
23724
23634
24129
24615
23778
23481
23931
23607
23814
24255
24192
23166
23724
23166
23301
24093
24300
24066
24336
23427
23094
23427
23742
23364
23868
23877
23382
22878
23868
23067
23526
24012
23418
24300
23634
23310
23436
24102
23553
23382
23733
23499
23472
23985
23922
23895
23553
23517
23625
23877
23913
23778
24246
23418
23409
23868
23562
24111
23616
23463
23463
23409
23139
23733
23877
23877
23661
23832
23400
23589
23166
23625
23283
23688
23607
23490
23850
24066
23895
23580
23940
23517
24390
23427
23652
23913
23868
23787
23895
24273
24003
23778
23436
23940
24039
24021
23994
23778
23805
23184
23688
23346
24741
23985
23256
24300
23769
24165
23724
24408
23517
23823
23841
23886
23868
23391
23472
23805
23571
23994
23967
23121
23841
23193
24489
23706
24273
24318
23661
23328
23661
24210
23679
24039
24255
23760
23994
23652
24633
23274
24174
24210
23796
23571
23796
23445
24444
23625
23517
23526
23616
23049
23391
23553
24606
25362
23616
24264
23409
23661
24093
23922
23796
23526
23958
22986
24084
24237
23544
24192
23346
23931
24111
24228
23193
23958
24282
23544
23040
23508
23544
24138
24183
24282
23247
23535
24102
23553
23940
23292
23868
23220
24039
23697
23679
23490
23769
23598
24003
23517
23310
23418
23562
23220
24138
23697
23634
23310
23490
24273
23922
23670
23886
24012
24408
23202
24588
23949
23193
23922
23553
23409
23949
23688
23256
23211
23355
23472
23931
23850
23247
24165
24057
23445
23859
23904
24030
23292
24039
23391
24201
24030
23103
