24930
24579
25020
24831
24597
25155
23805
25137
24273
23346
25092
25434
25632
23859
24939
23373
23571
26523
24552
24660
24003
23310
24327
24840
23706
24300
24210
25011
24372
24660
25722
23787
24948
24048
24372
23877
23724
24183
23958
24273
25452
24750
24012
24588
24030
23544
24993
24993
23859
24876
23913
24624
24390
24201
25083
24273
24948
25155
24912
23382
24498
24363
23940
24822
25758
24903
25200
24696
23787
23778
24570
24777
25335
23706
23364
23175
24714
24030
23274
23661
25083
24291
24444
25371
24174
24570
24921
25083
24345
24912
23508
25155
24633
24579
23886
23022
24408
23670
24030
24831
25668
24264
24462
23805
24408
24777
25407
24714
24048
25920
25461
24462
23499
23661
24210
25254
24336
24345
24327
25578
26091
23913
24174
24768
23373
23661
23526
23373
25236
25335
24561
24219
24471
24363
25047
24363
23553
25146
24705
23832
24327
24435
24120
25128
24147
24273
24957
24255
24498
24291
24651
24588
24273
24705
24795
25371
24678
25254
24768
24489
24507
25353
23967
23445
24534
25533
23256
23832
26010
24786
23886
24939
24138
24570
24462
25038
25596
24741
25461
23706
23319
25848
24408
23877
26208
23607
24516
24156
24426
24336
24399
24552
24120
25353
24102
23787
24543
24390
24453
23499
24291
24786
25371
24174
26280
25326
24264
23670
23355
23409
24543
24471
23679
23679
23967
24174
24876
24543
24984
24885
25245
24660
25020
24633
24237
24498
24093
24777
24507
24264
24444
24741
23688
24525
24669
24426
24165
25272
24012
23535
23733
24453
24939
23391
25533
24930
24804
24876
24282
24129
23796
24561
23301
24678
23868
23949
24048
23589
23697
24138
25263
24642
24408
26181
25272
25794
24030
24120
24705
25254
23859
24264
25209
24318
25092
24345
24723
23445
23967
24408
24525
24984
23742
24633
23130
25569
25020
25074
23409
23931
23859
25038
24102
23274
24606
23517
23760
24498
25011
25893
24750
24111
25983
23391
23706
23607
24426
24426
25164
24192
24048
25002
24759
24102
24822
24705
25191
22959
24651
25029
24642
24390
24957
24930
25119
25353
24579
24507
25299
24129
24903
23661
24048
23652
25578
23184
25002
25308
24993
24975
25623
25353
25551
24471
23553
24093
24318
25065
25308
24471
23832
23202
24921
24480
23985
24327
23751
24561
24219
24408
24066
24084
24444
25461
24498
24318
24255
24237
25407
24021
25119
23787
23310
23787
24246
24327
24813
24057
24012
23994
23913
23751
23499
25407
25092
23454
23778
24138
25407
24633
23553
24219
25245
23787
25245
23310
23967
25137
25830
24156
