23985
23841
23706
23859
24741
23733
23751
24039
23580
23787
23706
23895
24282
23580
23769
23796
24318
24084
24192
23553
23796
23832
24174
24606
23616
23742
23994
23787
24426
23724
24039
23886
23481
23454
23868
23661
23679
23445
23931
24264
24120
23499
23958
23688
24336
23922
23940
24255
24291
24192
23994
24039
24345
24462
24012
23535
24228
23697
23535
23850
23463
24183
24093
24012
23724
24282
23814
24003
24453
23832
23823
23652
23868
24453
24570
23760
23814
24282
24228
23598
23580
23904
23994
24057
23895
24462
23553
24129
23895
23418
23886
23724
24012
23751
23418
23337
23832
24624
23841
23823
23715
23760
23931
23751
24147
24021
23940
23634
23679
23688
24111
23949
24147
24471
24012
24327
24165
24894
23535
24030
24363
23598
23886
23913
23895
24012
23886
24633
23544
23976
23877
24129
24336
23985
23724
23913
24282
24426
23706
23319
24057
24633
24210
23841
23877
23715
23805
24228
23805
24156
23877
23544
24147
23625
23706
23796
23805
23967
24003
23967
24147
24327
24030
24075
23643
23454
24066
23841
24534
23697
23787
24012
24057
24354
24426
23913
24030
24570
23814
23895
24228
23715
24084
23499
23580
23859
24192
23931
23814
23976
23976
23922
23904
23553
23715
24210
23823
23814
23508
23922
23733
24273
24237
23904
23238
23886
24084
24237
24561
24210
24201
23661
24039
23994
24012
23625
24111
23796
24075
23607
23832
23931
23733
24516
23958
24192
23913
23751
24111
24237
23769
23976
23688
24120
24138
23364
23787
23679
24021
24012
24021
24111
23472
24525
24201
24066
23796
23976
23616
23508
24390
24867
24021
23769
24912
23598
24030
23895
23913
23715
23958
23841
23652
23913
23886
24003
24021
24372
24228
23832
24102
24129
24012
23769
24138
24552
24102
24111
23526
24201
23760
24174
24201
24255
23652
23868
23643
23778
23724
23643
23949
23589
24111
23742
23976
24264
23940
24003
23688
23958
24327
23670
23904
24264
24174
24156
24408
23976
23364
24615
24003
23841
24075
24048
24120
23679
23967
24030
23940
23814
23850
24057
23823
23778
23616
23409
23994
24408
23715
23724
23472
24606
23643
23895
23967
24435
24192
24237
23940
24633
24120
23769
24444
24192
24003
24174
24057
23670
23859
23814
24345
23742
23751
24075
23823
23796
24354
24255
24246
23535
24273
23859
24372
24318
23796
23598
24444
23859
24174
24147
24264
23994
23688
24102
24156
24453
23670
23931
24201
23877
23958
23976
23742
24120
23688
24525
23634
24381
23517
23985
24093
23562
23805
23670
24264
23787
24723
23769
23688
23778
