25245
25362
23832
24678
25407
25407
26109
24012
23688
23517
23364
24219
23652
24777
23661
23715
24318
24633
22968
25785
25200
23400
25155
24579
23760
24345
24255
24948
23913
25263
24273
24309
23715
24687
25479
23346
24462
24039
23517
24948
23346
25218
25506
25920
23787
23382
23418
23841
24867
24291
23724
23697
24057
24255
24993
24867
23634
24066
25326
23337
22914
24831
24462
24363
23976
24138
25020
24183
25407
23598
23472
23778
23535
24372
25146
24327
24318
23553
24030
23247
23859
23886
25461
24246
26262
23958
23877
24597
23751
24363
25128
24336
24615
25353
24588
23490
24345
25884
23652
24687
24399
23625
23355
23400
25623
24804
25533
23346
24975
24822
23382
24651
23616
25011
24174
24543
23634
23535
24408
24309
25767
24804
23643
23679
25326
25533
24120
23922
23382
24534
23400
23850
24354
24255
23742
24300
23913
23148
24696
24669
25020
23085
23184
24660
24579
23697
24426
25146
23463
23913
24408
24471
24885
24975
25101
24120
23571
24192
24768
24615
24147
24192
24048
23562
24615
24372
23094
23913
24408
24561
25308
24930
25839
23724
24453
24030
23670
24606
22896
25821
22608
24093
23355
25623
24273
25245
24696
24741
25578
23607
25308
23427
24921
23895
25299
24426
24687
24246
23670
24156
24111
24444
25083
23769
24642
23967
23985
25056
24813
24831
24129
25497
24471
24462
23616
24003
23562
24048
23103
25101
25038
24273
24678
24030
24408
24381
23355
24183
25317
24534
23814
23094
24129
23274
24192
23922
23706
24705
25038
24894
24687
23598
24156
23265
23265
23967
23832
23463
23445
24741
25011
25389
24165
23508
24615
24543
23994
24678
23796
23877
25308
23211
23814
24399
24930
24624
24453
23184
23517
23463
25299
25155
24984
25101
24669
23598
23283
25488
24471
24930
23274
24102
24750
24561
23769
24660
24543
24552
23589
25506
23238
24966
23211
25254
24417
24768
24201
24102
23454
24786
25299
23850
23958
23490
24012
24363
23832
24651
23760
24138
24588
23499
24174
22887
24723
24597
24669
23058
25227
23022
25794
24399
24561
24831
23886
25056
23454
24084
24075
24561
24741
23589
24318
23652
24822
25317
25182
23175
23760
25101
23616
23121
23652
23580
24732
24183
24183
24768
23850
25137
23877
24750
23589
24642
23895
24354
23562
23931
25020
24174
23229
23724
23940
24408
24093
23643
23175
24597
23805
25569
24768
23733
24057
23157
24543
24093
23841
24111
24615
24597
24057
24966
25362
24894
23859
23877
24444
22977
23652
23877
23616
25641
23787
25209
23913
24606
25614
23193
25056
23787
