23670
24228
23346
23652
23751
23850
25065
23913
23049
23598
23805
24066
23706
24093
24021
24642
23697
24390
24111
24741
23706
23688
24489
24048
24408
23724
23805
23436
23706
24381
24237
23958
23841
23706
24984
23553
24048
23985
24309
24417
24120
24129
23778
23877
23472
24012
23724
23598
23985
24615
23517
24219
24021
23337
23742
24561
23868
24201
24093
23481
24066
23409
22968
23535
23580
24363
23211
23967
24120
23778
24543
23805
23148
23976
23310
23742
23733
25290
23724
24093
23967
24066
24003
24309
23742
24309
23823
23634
24444
24678
24552
23895
23634
23823
25263
24219
24417
24012
24588
24543
23931
23760
23814
23625
23400
24111
24300
24660
24561
24048
23328
23508
24048
23985
25110
23868
23832
24039
23868
23031
23472
24003
24930
24408
24165
24318
23553
24624
23805
24174
24795
23733
24633
24336
24435
23940
24570
24102
23805
23868
24075
24399
23211
23679
24156
24084
24030
23679
23625
23841
23616
25029
24273
23724
24606
23571
23616
23193
23742
24759
23679
24012
24111
24255
23967
24183
23877
24003
23715
23445
23895
24498
24300
24039
23319
23499
24408
24741
23904
23625
23238
24831
23931
24336
24273
23778
23652
23751
23958
23661
23643
25083
22887
24012
23589
23751
23922
24408
23319
24165
24201
23517
24732
23409
24183
24642
24120
24282
24309
24336
23400
24525
24480
24417
23886
23616
23436
23661
23382
24273
23643
23436
23913
23562
23589
23751
23238
24525
24120
23418
22941
23067
24732
24858
23517
23994
24300
24525
23400
23868
23463
23850
23913
24048
23994
24210
23742
23166
23508
23238
23634
23733
23526
24012
23778
23616
23832
23589
23571
23634
23769
23166
23256
23544
24264
24345
23553
23913
23634
25200
24624
24345
23877
24561
23985
24696
23418
23922
24264
23427
24345
24084
24165
24282
24057
23319
23625
24048
24084
23823
24291
24120
24048
24192
24174
23337
24219
23724
24210
23724
23886
24372
23895
23499
23814
24507
23652
23445
23499
23922
23391
24174
23751
24552
24084
24705
24300
23373
23643
24669
23553
23886
23391
23949
23733
24408
23229
23706
24075
23994
24165
23787
23715
24048
23913
24093
24030
23760
23814
23445
24093
24156
24030
24255
24264
23679
23508
23328
24192
23157
23850
24516
24390
23445
23841
24714
23967
24399
24003
24606
23994
23832
23904
23643
24435
24021
24489
24219
23751
23805
24102
24660
23913
24498
24021
23679
23481
23895
23256
23427
24111
24399
23193
23283
24489
23778
23733
24039
23796
24390
24462
24624
23346
23202
23607
24192
23733
24381
23580
24012
