23121
23436
23148
23580
23220
22986
22779
23076
22563
23220
22761
23418
23166
23544
23022
22707
22680
23202
23166
23076
23337
23085
22869
23643
22959
23058
22869
23364
23076
23004
23184
22995
23148
23148
23004
23697
23103
23373
22968
23391
23067
23040
23076
22707
22860
22779
22680
23202
23661
23058
23490
22995
23472
22815
22734
23589
22554
23400
24246
23400
23841
23049
23220
22896
22950
23166
23337
23067
23130
23166
23301
22824
22977
23031
22707
23256
23031
23184
23175
23400
22860
23292
22707
22779
24111
23499
23256
23031
23130
23202
23508
23004
23220
23328
23463
23031
23670
22923
23022
23742
23274
22950
23166
23670
23193
22761
23418
23499
22725
23841
22797
23247
23751
22779
23319
23319
22527
22626
22905
22896
22788
23067
22887
22842
22779
22824
23427
23544
22896
23112
23247
23283
22950
23310
23292
23436
22644
22779
24084
23040
23004
23076
23193
23031
22797
23535
23031
23184
23076
23778
22707
22941
23283
23346
23805
23292
22842
22977
22968
23184
22716
23706
23121
23022
23220
22752
23274
23715
23400
23310
23121
23337
23850
22851
23328
23733
22932
22860
23508
22932
23193
23112
23130
23922
22905
23112
23265
22986
22590
22968
22896
23022
23040
23337
23409
22707
23625
23022
23292
22878
23220
23247
23229
23643
23058
22896
23058
22896
23022
23085
22689
22878
22959
23049
22887
22797
22977
22887
23427
23229
22905
23022
22752
23544
23256
22770
22914
23094
22779
23013
22968
23094
23445
23202
22689
22923
22599
22896
22761
23544
23517
24066
23643
23670
22932
23319
22752
23184
22914
23544
22914
22941
23013
22896
22788
22824
22842
23319
23391
23562
23085
23202
23184
22923
23580
22806
22887
22779
23247
22698
23193
23598
22824
23742
22887
23175
23238
22896
22995
23049
23148
23022
22833
22653
22851
22950
23931
22968
23076
23067
23913
23985
23193
22680
23256
22932
22968
23121
23859
22869
22869
23184
23661
23139
22734
22473
23175
22527
22680
22977
23328
22986
22797
23841
22761
22716
23184
23058
23364
23013
23688
23013
23355
23328
23022
23796
23472
22572
22770
23211
22995
22896
23004
23553
22788
22734
22959
23058
22959
23067
23571
23787
23427
23409
22995
22896
22752
23076
22788
23274
23031
24264
23067
23922
23121
23283
22842
22815
22734
23643
23229
23139
23040
23184
23139
23346
23553
23526
22905
23787
23940
23157
22689
23004
22878
23364
23490
23490
24192
23031
23490
23031
22842
23013
22842
23274
23508
23355
23319
23247
22887
22527
22887
23211
23139
23967
22977
23661
23085
22860
