22851
24669
23652
23409
23598
23292
23373
24561
23418
23139
22950
22878
23535
23823
23319
23463
23436
23832
23742
23814
23382
24129
23724
23112
23607
23967
23553
23841
24030
23175
23310
24300
23850
23049
23103
23778
22842
23823
23742
23904
24507
23643
23616
24120
23877
23148
22995
23265
23364
24300
23805
23985
23238
23409
23949
24030
23985
23616
23751
23589
23931
23328
23139
23832
23409
23211
23688
22905
23094
23688
23796
23490
23202
23553
22986
24012
23850
23526
23652
23607
23382
24030
23418
23670
24444
23139
23679
23625
24030
23436
23886
23481
23130
23868
22869
23139
24111
22887
23211
23967
23706
23301
23751
23706
23643
23472
23760
23832
23454
23454
23733
23202
22950
23247
23544
23346
23499
23724
23526
23391
24030
23274
23598
23085
23634
23796
24129
23733
24336
23913
23904
23598
23688
23562
23463
23526
23634
24606
22968
24003
23319
23652
23895
23535
23922
23751
23553
23985
23598
23787
23580
23265
23625
24039
23553
23751
24093
24201
23499
23076
23643
23220
23841
23967
23562
23526
23805
23751
23292
23301
23391
22959
23544
23229
23544
23760
24003
23247
23877
23400
23328
23976
23373
22914
23148
23112
23157
23598
23292
23544
23670
23355
23742
23688
23634
24363
23985
24120
24129
23130
23598
22599
23265
23130
23418
23346
23274
23031
23373
23625
24165
23301
23382
24165
23787
23706
23220
23391
23220
23634
23400
23787
23805
23247
23517
23157
23706
23202
23859
23994
23886
23454
22914
23868
23562
23202
23760
23472
23535
22968
23193
23175
23544
24336
23994
23328
23481
23499
23787
23526
23868
23301
23976
24093
23202
23544
23175
24525
23904
23688
23562
23967
23031
23985
23652
23247
23562
23445
24156
23256
23643
23058
23634
23751
23904
23553
24129
23319
24129
23112
23553
23742
24183
23589
23409
23697
23013
23769
23958
23211
23211
23670
23220
23319
23733
23688
23454
22968
23112
23616
23886
23526
23418
23229
23508
23319
23688
23814
23481
23274
22572
23742
23463
23751
23994
23724
22923
23328
23562
23301
24021
23013
23220
24237
23463
23103
23409
23607
23040
23409
23706
24147
23346
23301
24084
23517
23679
23319
23166
23400
23571
23652
24048
23832
23562
24039
23571
24264
23688
22959
23499
24174
23634
22878
23697
23283
22986
23490
23562
23724
23643
22878
23193
23166
24039
23760
24264
24030
23184
23697
24057
23661
23697
22779
23184
23787
23517
23238
23796
23598
23400
23661
23742
23652
23886
23400
23598
22968
23715
23742
24588
23643
23733
23148
23301
23805
23724
23166
23913
24327
