24426
24111
23733
23868
23994
23994
25038
23859
24246
24318
23139
23715
23238
23688
25011
26406
23535
23733
23733
24372
23634
23661
24084
23985
23841
24534
25236
24012
24795
23238
24624
23895
24678
23490
25056
24948
23796
23751
23706
25056
24390
23688
23967
24507
23481
24309
25407
25623
25281
24813
23976
24705
24579
23697
25236
24561
23526
24138
25065
23508
23769
23571
23283
24183
23445
23301
23517
23121
24570
23634
24057
24993
23625
23292
23670
24426
24057
24633
24759
23184
24183
23706
24237
24696
24021
24183
25281
24345
24480
23562
23904
23607
25272
23823
24435
23778
24309
23823
23661
23589
23814
23769
25263
23688
22905
24543
22977
24003
23598
23778
23814
23454
25011
23949
23364
23607
24192
25128
24669
23472
26226
23544
23940
23679
23301
23670
25065
23859
23814
23499
23706
23724
24084
24462
23490
23931
23436
24138
23715
23562
23769
23796
23733
23895
23976
23886
24003
24993
24732
24012
24822
23841
23454
24831
23922
23517
24777
24363
23562
24345
23634
23364
24399
23868
24435
23652
23886
24363
24858
24426
24021
24093
25128
23841
23724
25191
23283
23436
23571
23292
23193
24246
25047
25371
25182
24354
23778
23589
24651
23643
23985
24057
25407
24084
24003
24147
24579
23850
23706
24426
24057
25695
24174
24408
24255
23256
23130
23571
24471
23904
23382
24444
24228
25380
24237
24651
24363
25875
24084
24111
24390
23184
24030
23472
23715
23859
24156
23166
25623
24183
24264
23202
23238
24687
24174
23472
24291
22977
24030
24471
25308
23868
24291
23652
23661
23859
24273
23751
24480
24435
24183
24903
25785
24021
24192
23562
23787
25767
24066
24309
24111
23418
23373
25974
23571
23778
24354
24336
24777
23688
25578
23310
24885
24516
23832
26217
24174
23940
23778
23850
23670
24768
25110
23661
24219
24588
23598
24696
24480
23625
25155
23445
24597
25011
24966
23949
23751
23814
23562
23688
24966
23913
24264
23436
24165
24084
24345
23409
24300
23607
23391
23598
24507
23832
23670
24273
24228
24759
24102
23553
23841
24579
23382
24246
23913
24444
25704
23463
24120
23346
24066
24858
23283
23832
23175
24633
25794
23850
22833
23364
23562
24372
23913
23895
23418
22806
23877
23733
23787
23247
26037
24138
23382
23715
23940
25443
25164
23472
24516
23661
24912
24255
24453
24606
23904
24489
24291
24138
23085
23643
25029
25191
23706
23580
23589
23886
23616
24741
24201
24174
23517
24624
23634
23346
23157
24678
24642
23364
23337
23760
24462
24507
24174
24354
25236
23580
25146
24426
24561
23625
