23283
24714
23427
24264
24984
23130
24408
25776
23553
23607
23922
23274
24237
26280
24894
25245
23643
24588
25155
24048
23283
25272
26010
24129
25740
23472
25146
25272
24939
23769
23463
24138
24084
24003
24201
25029
24534
24552
25038
24210
24084
24552
23949
23823
25875
24363
24345
25722
25281
24048
23571
23949
23850
23796
24714
25425
24480
25020
24111
25407
25587
25920
24093
25002
23499
24084
25209
23508
24246
23454
25641
23580
25164
24912
24939
25182
23625
23328
23265
23841
24813
25524
23139
23841
25164
25497
25011
23967
24732
24624
25137
26451
24876
25497
24714
24111
25191
25308
24165
24939
25227
25632
23724
24921
24201
24768
24822
23949
24552
25911
25407
23922
24435
24885
25326
25047
24750
24471
25416
23571
25389
24921
24804
24570
24534
23733
25200
24957
24561
24768
23796
24669
23994
23976
25245
24831
24273
24543
23562
23841
24777
25146
24921
25461
24786
24426
23868
23832
24750
24687
24651
24867
25299
24516
23337
24525
23715
24093
24057
25056
24750
24021
25497
24426
24903
25290
24318
24192
24876
25785
24156
23787
24012
24426
25407
24471
24696
24777
25218
24723
25119
23724
25281
25902
25398
24561
24372
23841
25776
24921
24102
24525
23886
24237
24183
25119
24687
25200
25740
24480
24993
23454
24714
24174
24903
24003
24318
27018
23940
23805
23985
24678
23625
25047
26064
24498
26559
23454
25398
24489
25524
25461
24444
24489
25605
24741
25164
24111
24696
24147
26136
23499
24669
24606
24741
25182
24921
24264
24759
25002
24471
26226
25092
25227
23454
24930
25776
23850
25038
23895
24147
24813
23850
24462
23490
24066
24246
24858
24408
24228
23238
25038
25380
23769
24984
24228
24354
24030
24759
25434
24498
24354
24867
24498
23679
24615
23490
23445
24984
25200
23553
25443
24246
23652
24210
23724
25146
24426
24570
24471
24642
25101
24831
24174
24444
25083
23976
23805
27513
24894
25128
24057
25074
23571
24930
24156
25128
24030
25596
24678
24228
25056
24237
25191
25227
25047
25218
24966
23589
24732
23760
24669
23769
25038
24534
24165
23535
25155
24183
24363
25290
25218
23562
24336
24759
24939
25821
24147
25056
24516
25173
24255
24246
23931
23652
25398
24480
24651
24660
24057
24318
25434
24822
24858
23616
23634
24273
24417
23265
23562
24471
24543
24777
23886
25488
23994
23994
24363
24381
24678
24543
24930
24093
25929
24192
23445
24138
25245
25326
24984
23922
23607
24300
23625
24579
24795
25308
25155
23319
26523
24201
25479
24813
23796
24534
23805
25254
24705
24525
24156
